start_t,end_t,tcl_length,theta_y,deltaTheta,qcl,tlc,q_x
0.000000,0.020000,0.009162,0.000600,0.000600,1.000000,0.000004,0.000300,0.000003,-0.000028,-0.000084,0.009161,0.999982,-0.006000,0.000000,0.000000
0.020000,0.040000,0.007849,0.001395,0.001395,1.000000,0.000008,0.000697,0.000006,-0.000345,-0.000068,0.007841,0.999982,-0.006000,0.000000,0.000000
0.040000,0.060000,0.011453,0.002182,0.002182,0.999999,0.000013,0.001091,0.000010,-0.000559,-0.000099,0.011439,0.999982,-0.006000,0.000000,0.000000
0.060000,0.080000,0.009753,0.002955,0.002955,0.999999,0.000018,0.001477,0.000014,-0.000877,-0.000079,0.009713,0.999982,-0.006000,0.000000,0.000000
0.080000,0.100000,0.014490,0.003708,0.003708,0.999998,0.000022,0.001854,0.000017,-0.001064,-0.000120,0.014450,0.999982,-0.006000,0.000000,0.000000
0.100000,0.120000,0.012621,0.004439,0.004439,0.999998,0.000027,0.002219,0.000020,-0.001366,-0.000099,0.012546,0.999982,-0.006000,0.000000,0.000000
0.120000,0.140000,0.011157,0.005140,0.005140,0.999997,0.000031,0.002570,0.000024,-0.001647,-0.000082,0.011034,0.999982,-0.006000,0.000000,0.000000
0.140000,0.160000,0.007886,0.005809,0.005809,0.999996,0.000035,0.002904,0.000027,-0.001953,-0.000047,0.007640,0.999982,-0.006000,0.000000,0.000000
0.160000,0.180000,0.010613,0.006441,0.006441,0.999995,0.000039,0.003220,0.000030,-0.002129,-0.000070,0.010397,0.999982,-0.006000,0.000000,0.000000
0.180000,0.200000,0.003697,0.007031,0.007031,0.999994,0.000042,0.003515,0.000032,-0.002491,0.000005,0.002732,0.999982,-0.006000,0.000000,0.000000
0.200000,0.220000,0.005235,0.007577,0.007577,0.999993,0.000045,0.003788,0.000035,-0.002645,-0.000010,0.004517,0.999982,-0.006000,0.000000,0.000000
0.220000,0.240000,0.008348,0.008074,0.008074,0.999992,0.000048,0.004037,0.000037,-0.002771,-0.000039,0.007875,0.999982,-0.006000,0.000000,0.000000
0.240000,0.260000,0.009596,0.008519,0.008519,0.999991,0.000051,0.004259,0.000039,-0.002915,-0.000049,0.009143,0.999982,-0.006000,0.000000,0.000000
0.260000,0.280000,0.008582,0.008910,0.008910,0.999990,0.000053,0.004455,0.000041,-0.003079,-0.000037,0.008010,0.999982,-0.006000,0.000000,0.000000
0.280000,0.300000,0.012371,0.009244,0.009244,0.999989,0.000055,0.004622,0.000043,-0.003132,-0.000073,0.011968,0.999982,-0.006000,0.000000,0.000000
0.300000,0.320000,0.011272,0.009519,0.009519,0.999989,0.000057,0.004759,0.000044,-0.003264,-0.000060,0.010789,0.999982,-0.006000,0.000000,0.000000
0.320000,0.340000,0.010932,0.009733,0.009733,0.999988,0.000058,0.004866,0.000045,-0.003332,-0.000056,0.010412,0.999982,-0.006000,0.000000,0.000000
0.340000,0.360000,0.013648,0.009885,0.009885,0.999988,0.000059,0.004942,0.000045,-0.003351,-0.000082,0.013230,0.999982,-0.006000,0.000000,0.000000
0.360000,0.380000,0.009619,0.009973,0.009973,0.999988,0.000060,0.004986,0.000046,-0.003447,-0.000041,0.008980,0.999982,-0.006000,0.000000,0.000000
0.380000,0.400000,0.009757,0.009998,0.009998,0.999988,0.000060,0.004998,0.000046,-0.003443,-0.000043,0.009129,0.999982,-0.006000,0.000000,0.000000
0.400000,0.420000,0.008947,0.009958,0.009958,0.999988,0.000060,0.004979,0.000046,-0.003453,-0.000035,0.008254,0.999982,-0.006000,0.000000,0.000000
0.420000,0.440000,0.013381,0.009855,0.009855,0.999988,0.000059,0.004927,0.000045,-0.003350,-0.000079,0.012954,0.999982,-0.006000,0.000000,0.000000
0.440000,0.460000,0.009268,0.009689,0.009689,0.999988,0.000058,0.004844,0.000045,-0.003349,-0.000039,0.008641,0.999982,-0.006000,0.000000,0.000000
0.460000,0.480000,0.008317,0.009461,0.009461,0.999989,0.000057,0.004730,0.000044,-0.003282,-0.000031,0.007642,0.999982,-0.006000,0.000000,0.000000
0.480000,0.500000,0.005408,0.009173,0.009173,0.999989,0.000055,0.004586,0.000042,-0.003235,-0.000001,0.004334,0.999982,-0.006000,0.000000,0.000000
0.500000,0.520000,0.013649,0.008825,0.008825,0.999990,0.000053,0.004412,0.000041,-0.002961,-0.000087,0.013324,0.999982,-0.006000,0.000000,0.000000
0.520000,0.540000,0.005763,0.008422,0.008422,0.999991,0.000051,0.004210,0.000039,-0.002952,-0.000010,0.004950,0.999982,-0.006000,0.000000,0.000000
0.540000,0.560000,0.013291,0.007964,0.007964,0.999992,0.000048,0.003982,0.000037,-0.002643,-0.000088,0.013025,0.999982,-0.006000,0.000000,0.000000
0.560000,0.580000,0.012361,0.007456,0.007456,0.999993,0.000045,0.003727,0.000034,-0.002484,-0.000082,0.012109,0.999982,-0.006000,0.000000,0.000000
0.580000,0.600000,0.007181,0.006899,0.006899,0.999994,0.000041,0.003449,0.000032,-0.002375,-0.000034,0.006777,0.999982,-0.006000,0.000000,0.000000
0.600000,0.620000,0.010865,0.006299,0.006299,0.999995,0.000038,0.003149,0.000029,-0.002082,-0.000073,0.010663,0.999982,-0.006000,0.000000,0.000000
0.620000,0.640000,0.009716,0.005658,0.005658,0.999996,0.000034,0.002829,0.000026,-0.001873,-0.000065,0.009534,0.999982,-0.006000,0.000000,0.000000
0.640000,0.660000,0.008143,0.004982,0.004982,0.999997,0.000030,0.002491,0.000023,-0.001643,-0.000054,0.007976,0.999982,-0.006000,0.000000,0.000000
0.660000,0.680000,0.011501,0.004273,0.004273,0.999998,0.000026,0.002136,0.000020,-0.001328,-0.000089,0.011424,0.999982,-0.006000,0.000000,0.000000
0.680000,0.700000,0.008609,0.003537,0.003537,0.999998,0.000021,0.001768,0.000016,-0.001111,-0.000065,0.008537,0.999982,-0.006000,0.000000,0.000000
0.700000,0.720000,0.007534,0.002778,0.002778,0.999999,0.000017,0.001389,0.000013,-0.000857,-0.000059,0.007485,0.999982,-0.006000,0.000000,0.000000
0.720000,0.740000,0.009199,0.002002,0.002002,0.999999,0.000012,0.001001,0.000009,-0.000541,-0.000078,0.009182,0.999982,-0.006000,0.000000,0.000000
0.740000,0.760000,0.009964,0.001213,0.001213,1.000000,0.000007,0.000606,0.000006,-0.000236,-0.000089,0.009960,0.999982,-0.006000,0.000000,0.000000
0.760000,0.780000,0.009880,0.000416,0.000416,1.000000,0.000002,0.000208,0.000002,0.000053,-0.000092,0.009880,0.999982,-0.006000,0.000000,0.000000
0.780000,0.800000,0.011992,-0.000384,0.000384,1.000000,-0.000002,-0.000192,-0.000002,0.000389,-0.000115,0.011985,0.999982,-0.006000,0.000000,0.000000
0.800000,0.820000,0.014937,-0.001181,0.001181,1.000000,-0.000007,-0.000590,-0.000005,0.000743,-0.000146,0.014917,0.999982,-0.006000,0.000000,0.000000
0.820000,0.840000,0.011307,-0.001971,0.001971,1.000000,-0.000012,-0.000985,-0.000009,0.000954,-0.000115,0.011266,0.999982,-0.006000,0.000000,0.000000
0.840000,0.860000,0.010583,-0.002748,0.002748,0.999999,-0.000016,-0.001374,-0.000013,0.001222,-0.000111,0.010512,0.999982,-0.006000,0.000000,0.000000
0.860000,0.880000,0.008581,-0.003507,0.003507,0.999998,-0.000021,-0.001753,-0.000016,0.001458,-0.000095,0.008456,0.999982,-0.006000,0.000000,0.000000
0.880000,0.900000,0.011762,-0.004244,0.004244,0.999998,-0.000025,-0.002122,-0.000020,0.001797,-0.000129,0.011624,0.999982,-0.006000,0.000000,0.000000
0.900000,0.920000,0.010941,-0.004954,0.004954,0.999997,-0.000030,-0.002477,-0.000023,0.002029,-0.000123,0.010750,0.999982,-0.006000,0.000000,0.000000
0.920000,0.940000,0.014575,-0.005632,0.005632,0.999996,-0.000034,-0.002816,-0.000026,0.002373,-0.000161,0.014380,0.999982,-0.006000,0.000000,0.000000
0.940000,0.960000,0.011901,-0.006274,0.006274,0.999995,-0.000038,-0.003137,-0.000029,0.002540,-0.000137,0.011626,0.999982,-0.006000,0.000000,0.000000
0.960000,0.980000,0.007798,-0.006876,0.006876,0.999994,-0.000041,-0.003438,-0.000032,0.002668,-0.000099,0.007327,0.999982,-0.006000,0.000000,0.000000
0.980000,1.000000,0.009320,-0.007434,0.007434,0.999993,-0.000045,-0.003717,-0.000034,0.002893,-0.000116,0.008859,0.999982,-0.006000,0.000000,0.000000
1.000000,1.020000,0.008961,-0.007945,0.007945,0.999992,-0.000048,-0.003972,-0.000037,0.003068,-0.000114,0.008418,0.999982,-0.006000,0.000000,0.000000
1.020000,1.040000,0.015832,-0.008404,0.008404,0.999991,-0.000050,-0.004202,-0.000039,0.003410,-0.000183,0.015459,0.999982,-0.006000,0.000000,0.000000
1.040000,1.060000,0.009567,-0.008810,0.008810,0.999990,-0.000053,-0.004405,-0.000041,0.003390,-0.000123,0.008945,0.999982,-0.006000,0.000000,0.000000
1.060000,1.080000,0.013195,-0.009160,0.009160,0.999990,-0.000055,-0.004579,-0.000042,0.003620,-0.000160,0.012688,0.999982,-0.006000,0.000000,0.000000
1.080000,1.100000,0.009100,-0.009451,0.009451,0.999989,-0.000057,-0.004725,-0.000043,0.003612,-0.000120,0.008352,0.999982,-0.006000,0.000000,0.000000
1.100000,1.120000,0.007995,-0.009681,0.009681,0.999988,-0.000058,-0.004840,-0.000045,0.003670,-0.000109,0.007102,0.999982,-0.006000,0.000000,0.000000
1.120000,1.140000,0.012185,-0.009850,0.009850,0.999988,-0.000059,-0.004924,-0.000045,0.003838,-0.000152,0.011564,0.999982,-0.006000,0.000000,0.000000
1.140000,1.160000,0.012799,-0.009955,0.009955,0.999988,-0.000060,-0.004977,-0.000046,0.003891,-0.000159,0.012192,0.999982,-0.006000,0.000000,0.000000
1.160000,1.180000,0.009717,-0.009997,0.009997,0.999988,-0.000060,-0.004998,-0.000046,0.003830,-0.000128,0.008929,0.999982,-0.006000,0.000000,0.000000
1.180000,1.200000,0.012956,-0.009975,0.009975,0.999988,-0.000060,-0.004987,-0.000046,0.003918,-0.000161,0.012348,0.999982,-0.006000,0.000000,0.000000
1.200000,1.220000,0.013559,-0.009889,0.009889,0.999988,-0.000059,-0.004944,-0.000046,0.003896,-0.000166,0.012986,0.999982,-0.006000,0.000000,0.000000
1.220000,1.240000,0.010515,-0.009740,0.009740,0.999988,-0.000058,-0.004869,-0.000045,0.003745,-0.000135,0.009825,0.999982,-0.006000,0.000000,0.000000
1.240000,1.260000,0.012967,-0.009529,0.009529,0.999989,-0.000057,-0.004764,-0.000044,0.003745,-0.000159,0.012414,0.999982,-0.006000,0.000000,0.000000
1.260000,1.280000,0.012278,-0.009256,0.009256,0.999989,-0.000056,-0.004628,-0.000043,0.003644,-0.000152,0.011724,0.999982,-0.006000,0.000000,0.000000
1.280000,1.300000,0.012700,-0.008925,0.008925,0.999990,-0.000054,-0.004462,-0.000041,0.003520,-0.000155,0.012201,0.999982,-0.006000,0.000000,0.000000
1.300000,1.320000,0.007171,-0.008536,0.008536,0.999991,-0.000051,-0.004267,-0.000039,0.003227,-0.000098,0.006403,0.999982,-0.006000,0.000000,0.000000
1.320000,1.340000,0.016835,-0.008093,0.008093,0.999992,-0.000049,-0.004046,-0.000037,0.003332,-0.000192,0.016501,0.999982,-0.006000,0.000000,0.000000
1.340000,1.360000,0.008595,-0.007598,0.007598,0.999993,-0.000046,-0.003798,-0.000035,0.002924,-0.000109,0.008081,0.999982,-0.006000,0.000000,0.000000
1.360000,1.380000,0.004800,-0.007054,0.007054,0.999994,-0.000042,-0.003527,-0.000032,0.002634,-0.000069,0.004012,0.999982,-0.006000,0.000000,0.000000
1.380000,1.400000,0.008386,-0.006465,0.006465,0.999995,-0.000039,-0.003232,-0.000030,0.002523,-0.000104,0.007997,0.999982,-0.006000,0.000000,0.000000
1.400000,1.420000,0.012347,-0.005835,0.005835,0.999996,-0.000035,-0.002917,-0.000027,0.002393,-0.000140,0.012112,0.999982,-0.006000,0.000000,0.000000
1.420000,1.440000,0.016305,-0.005168,0.005168,0.999997,-0.000031,-0.002584,-0.000024,0.002242,-0.000176,0.016149,0.999982,-0.006000,0.000000,0.000000
1.440000,1.460000,0.007301,-0.004467,0.004467,0.999998,-0.000027,-0.002233,-0.000021,0.001771,-0.000086,0.007083,0.999982,-0.006000,0.000000,0.000000
1.460000,1.480000,0.011572,-0.003738,0.003738,0.999998,-0.000022,-0.001869,-0.000017,0.001606,-0.000125,0.011459,0.999982,-0.006000,0.000000,0.000000
1.480000,1.500000,0.005723,-0.002985,0.002985,0.999999,-0.000018,-0.001492,-0.000014,0.001203,-0.000066,0.005595,0.999982,-0.006000,0.000000,0.000000
1.500000,1.520000,0.015693,-0.002213,0.002213,0.999999,-0.000013,-0.001106,-0.000010,0.001141,-0.000158,0.015651,0.999982,-0.006000,0.000000,0.000000
1.520000,1.540000,0.011419,-0.001427,0.001427,1.000000,-0.000009,-0.000713,-0.000007,0.000760,-0.000114,0.011393,0.999982,-0.006000,0.000000,0.000000
1.540000,1.560000,0.012162,-0.000631,0.000631,1.000000,-0.000004,-0.000316,-0.000003,0.000484,-0.000118,0.012152,0.999982,-0.006000,0.000000,0.000000
1.560000,1.580000,0.010814,0.000168,0.000168,1.000000,0.000001,0.000084,0.000001,0.000164,-0.000101,0.010812,0.999982,-0.006000,0.000000,0.000000
1.580000,1.600000,0.006572,0.000966,0.000966,1.000000,0.000006,0.000483,0.000004,-0.000214,-0.000058,0.006568,0.999982,-0.006000,0.000000,0.000000
1.600000,1.620000,0.013256,0.001759,0.001759,1.000000,0.000011,0.000879,0.000008,-0.000370,-0.000118,0.013251,0.999982,-0.006000,0.000000,0.000000
1.620000,1.640000,0.009985,0.002540,0.002540,0.999999,0.000015,0.001270,0.000012,-0.000717,-0.000083,0.009959,0.999982,-0.006000,0.000000,0.000000
1.640000,1.660000,0.005787,0.003304,0.003304,0.999999,0.000020,0.001652,0.000015,-0.001082,-0.000039,0.005685,0.999982,-0.006000,0.000000,0.000000
1.660000,1.680000,0.008273,0.004048,0.004048,0.999998,0.000024,0.002024,0.000019,-0.001303,-0.000060,0.008169,0.999982,-0.006000,0.000000,0.000000
1.680000,1.700000,0.012665,0.004765,0.004765,0.999997,0.000029,0.002382,0.000022,-0.001491,-0.000098,0.012576,0.999982,-0.006000,0.000000,0.000000
1.700000,1.720000,0.005553,0.005452,0.005452,0.999996,0.000033,0.002726,0.000025,-0.001876,-0.000026,0.005226,0.999982,-0.006000,0.000000,0.000000
1.720000,1.740000,0.005909,0.006105,0.006105,0.999995,0.000037,0.003052,0.000028,-0.002095,-0.000026,0.005525,0.999982,-0.006000,0.000000,0.000000
1.740000,1.760000,0.011497,0.006718,0.006718,0.999994,0.000040,0.003359,0.000031,-0.002219,-0.000077,0.011280,0.999982,-0.006000,0.000000,0.000000
1.760000,1.780000,0.009464,0.007288,0.007288,0.999993,0.000044,0.003644,0.000034,-0.002470,-0.000054,0.009136,0.999982,-0.006000,0.000000,0.000000
1.780000,1.800000,0.012843,0.007812,0.007812,0.999992,0.000047,0.003905,0.000036,-0.002592,-0.000085,0.012578,0.999982,-0.006000,0.000000,0.000000
1.800000,1.820000,0.007754,0.008286,0.008286,0.999991,0.000050,0.004142,0.000038,-0.002860,-0.000032,0.007207,0.999982,-0.006000,0.000000,0.000000
1.820000,1.840000,0.009591,0.008706,0.008706,0.999991,0.000052,0.004353,0.000040,-0.002981,-0.000048,0.009116,0.999982,-0.006000,0.000000,0.000000
1.840000,1.860000,0.007539,0.009071,0.009071,0.999990,0.000054,0.004535,0.000042,-0.003163,-0.000025,0.006844,0.999982,-0.006000,0.000000,0.000000
1.860000,1.880000,0.014547,0.009378,0.009378,0.999989,0.000056,0.004689,0.000043,-0.003155,-0.000093,0.014201,0.999982,-0.006000,0.000000,0.000000
1.880000,1.900000,0.009398,0.009625,0.009625,0.999988,0.000058,0.004812,0.000044,-0.003328,-0.000041,0.008789,0.999982,-0.006000,0.000000,0.000000
1.900000,1.920000,0.006972,0.009810,0.009810,0.999988,0.000059,0.004905,0.000045,-0.003441,-0.000015,0.006063,0.999982,-0.006000,0.000000,0.000000
1.920000,1.940000,0.009390,0.009933,0.009933,0.999988,0.000060,0.004966,0.000046,-0.003448,-0.000039,0.008733,0.999982,-0.006000,0.000000,0.000000
1.940000,1.960000,0.009585,0.009992,0.009992,0.999988,0.000060,0.004996,0.000046,-0.003450,-0.000041,0.008943,0.999982,-0.006000,0.000000,0.000000
1.960000,1.980000,0.013046,0.009987,0.009987,0.999988,0.000060,0.004993,0.000046,-0.003396,-0.000075,0.012596,0.999982,-0.006000,0.000000,0.000000
1.980000,2.000000,0.011373,0.009919,0.009919,0.999988,0.000060,0.004959,0.000046,-0.003394,-0.000059,0.010855,0.999982,-0.006000,0.000000,0.000000
2.000000,2.020000,0.011364,0.009787,0.009787,0.999988,0.000059,0.004893,0.000045,-0.003354,-0.000060,0.010857,0.999982,-0.006000,0.000000,0.000000
2.020000,2.040000,0.005632,0.009592,0.009592,0.999988,0.000058,0.004795,0.000044,-0.003381,-0.000001,0.004504,0.999982,-0.006000,0.000000,0.000000
2.040000,2.060000,0.008272,0.009336,0.009336,0.999989,0.000056,0.004667,0.000043,-0.003240,-0.000031,0.007611,0.999982,-0.006000,0.000000,0.000000
2.060000,2.080000,0.010189,0.009020,0.009020,0.999990,0.000054,0.004509,0.000042,-0.003093,-0.000052,0.009708,0.999982,-0.006000,0.000000,0.000000
2.080000,2.100000,0.009971,0.008646,0.008646,0.999991,0.000052,0.004323,0.000040,-0.002955,-0.000052,0.009523,0.999982,-0.006000,0.000000,0.000000
2.100000,2.120000,0.009836,0.008218,0.008218,0.999992,0.000049,0.004108,0.000038,-0.002801,-0.000053,0.009428,0.999982,-0.006000,0.000000,0.000000
2.120000,2.140000,0.008608,0.007736,0.007736,0.999993,0.000046,0.003868,0.000036,-0.002644,-0.000044,0.008192,0.999982,-0.006000,0.000000,0.000000
2.140000,2.160000,0.008591,0.007205,0.007205,0.999994,0.000043,0.003602,0.000033,-0.002450,-0.000046,0.008235,0.999982,-0.006000,0.000000,0.000000
2.160000,2.180000,0.010405,0.006628,0.006628,0.999995,0.000040,0.003314,0.000030,-0.002206,-0.000067,0.010168,0.999982,-0.006000,0.000000,0.000000
2.180000,2.200000,0.009856,0.006009,0.006009,0.999995,0.000036,0.003004,0.000028,-0.001997,-0.000065,0.009652,0.999982,-0.006000,0.000000,0.000000
2.200000,2.220000,0.007912,0.005351,0.005351,0.999996,0.000032,0.002675,0.000025,-0.001794,-0.000049,0.007706,0.999982,-0.006000,0.000000,0.000000
2.220000,2.240000,0.011544,0.004659,0.004659,0.999997,0.000028,0.002329,0.000021,-0.001464,-0.000088,0.011450,0.999982,-0.006000,0.000000,0.000000
2.240000,2.260000,0.007886,0.003937,0.003937,0.999998,0.000024,0.001968,0.000018,-0.001267,-0.000056,0.007783,0.999982,-0.006000,0.000000,0.000000
2.260000,2.280000,0.006018,0.003190,0.003190,0.999999,0.000019,0.001595,0.000015,-0.001033,-0.000042,0.005929,0.999982,-0.006000,0.000000,0.000000
2.280000,2.300000,0.008935,0.002423,0.002423,0.999999,0.000015,0.001211,0.000011,-0.000699,-0.000074,0.008907,0.999982,-0.006000,0.000000,0.000000
2.300000,2.320000,0.007774,0.001640,0.001640,1.000000,0.000010,0.000820,0.000008,-0.000437,-0.000066,0.007762,0.999982,-0.006000,0.000000,0.000000
2.320000,2.340000,0.009856,0.000847,0.000847,1.000000,0.000005,0.000423,0.000004,-0.000104,-0.000089,0.009855,0.999982,-0.006000,0.000000,0.000000
2.340000,2.360000,0.003447,0.000048,0.000048,1.000000,0.000000,0.000024,0.000000,0.000054,-0.000032,0.003446,0.999982,-0.006000,0.000000,0.000000
2.360000,2.380000,0.007876,-0.000751,0.000751,1.000000,-0.000005,-0.000376,-0.000003,0.000436,-0.000078,0.007863,0.999982,-0.006000,0.000000,0.000000
2.380000,2.400000,0.014910,-0.001546,0.001546,1.000000,-0.000009,-0.000773,-0.000007,0.000877,-0.000148,0.014884,0.999982,-0.006000,0.000000,0.000000
2.400000,2.420000,0.012484,-0.002330,0.002330,0.999999,-0.000014,-0.001165,-0.000011,0.001113,-0.000128,0.012434,0.999982,-0.006000,0.000000,0.000000
2.420000,2.440000,0.004389,-0.003100,0.003100,0.999999,-0.000019,-0.001550,-0.000014,0.001210,-0.000053,0.004219,0.999982,-0.006000,0.000000,0.000000
2.440000,2.460000,0.011047,-0.003849,0.003849,0.999998,-0.000023,-0.001924,-0.000018,0.001634,-0.000120,0.010925,0.999982,-0.006000,0.000000,0.000000
2.460000,2.480000,0.007975,-0.004574,0.004574,0.999997,-0.000027,-0.002287,-0.000021,0.001826,-0.000093,0.007762,0.999982,-0.006000,0.000000,0.000000
2.480000,2.500000,0.007390,-0.005270,0.005270,0.999997,-0.000032,-0.002635,-0.000024,0.002067,-0.000090,0.007095,0.999982,-0.006000,0.000000,0.000000
2.500000,2.520000,0.007697,-0.005932,0.005932,0.999996,-0.000036,-0.002966,-0.000027,0.002315,-0.000095,0.007340,0.999982,-0.006000,0.000000,0.000000
2.520000,2.540000,0.010671,-0.006557,0.006557,0.999995,-0.000039,-0.003278,-0.000030,0.002612,-0.000127,0.010346,0.999982,-0.006000,0.000000,0.000000
2.540000,2.560000,0.007712,-0.007139,0.007139,0.999994,-0.000043,-0.003569,-0.000033,0.002755,-0.000099,0.007202,0.999982,-0.006000,0.000000,0.000000
2.560000,2.580000,0.011797,-0.007675,0.007675,0.999993,-0.000046,-0.003837,-0.000035,0.003047,-0.000141,0.011396,0.999982,-0.006000,0.000000,0.000000
2.580000,2.600000,0.011836,-0.008163,0.008163,0.999992,-0.000049,-0.004081,-0.000038,0.003223,-0.000143,0.011388,0.999982,-0.006000,0.000000,0.000000
2.600000,2.620000,0.012069,-0.008598,0.008598,0.999991,-0.000052,-0.004299,-0.000040,0.003378,-0.000147,0.011586,0.999982,-0.006000,0.000000,0.000000
2.620000,2.640000,0.012804,-0.008978,0.008978,0.999990,-0.000054,-0.004489,-0.000041,0.003550,-0.000156,0.012301,0.999982,-0.006000,0.000000,0.000000
2.640000,2.660000,0.012047,-0.009301,0.009301,0.999989,-0.000056,-0.004650,-0.000043,0.003634,-0.000149,0.011485,0.999982,-0.006000,0.000000,0.000000
2.660000,2.680000,0.008375,-0.009564,0.009564,0.999989,-0.000057,-0.004782,-0.000044,0.003640,-0.000113,0.007542,0.999982,-0.006000,0.000000,0.000000
2.680000,2.700000,0.009517,-0.009767,0.009767,0.999988,-0.000059,-0.004883,-0.000045,0.003742,-0.000125,0.008749,0.999982,-0.006000,0.000000,0.000000
2.700000,2.720000,0.011081,-0.009906,0.009906,0.999988,-0.000059,-0.004953,-0.000046,0.003834,-0.000142,0.010395,0.999982,-0.006000,0.000000,0.000000
2.720000,2.740000,0.011098,-0.009983,0.009983,0.999988,-0.000060,-0.004991,-0.000046,0.003862,-0.000142,0.010404,0.999982,-0.006000,0.000000,0.000000
2.740000,2.760000,0.013324,-0.009995,0.009995,0.999988,-0.000060,-0.004997,-0.000046,0.003926,-0.000164,0.012732,0.999982,-0.006000,0.000000,0.000000
2.760000,2.780000,0.011018,-0.009944,0.009944,0.999988,-0.000060,-0.004971,-0.000046,0.003835,-0.000141,0.010328,0.999982,-0.006000,0.000000,0.000000
2.780000,2.800000,0.013315,-0.009828,0.009828,0.999988,-0.000059,-0.004914,-0.000045,0.003872,-0.000164,0.012738,0.999982,-0.006000,0.000000,0.000000
2.800000,2.820000,0.017061,-0.009650,0.009650,0.999988,-0.000058,-0.004825,-0.000044,0.003892,-0.000200,0.016610,0.999982,-0.006000,0.000000,0.000000
2.820000,2.840000,0.016435,-0.009411,0.009411,0.999989,-0.000056,-0.004705,-0.000043,0.003791,-0.000193,0.015991,0.999982,-0.006000,0.000000,0.000000
2.840000,2.860000,0.014832,-0.009111,0.009111,0.999990,-0.000055,-0.004555,-0.000042,0.003638,-0.000176,0.014378,0.999982,-0.006000,0.000000,0.000000
2.860000,2.880000,0.005685,-0.008753,0.008753,0.999990,-0.000053,-0.004376,-0.000040,0.003282,-0.000082,0.004642,0.999982,-0.006000,0.000000,0.000000
2.880000,2.900000,0.014110,-0.008339,0.008339,0.999991,-0.000050,-0.004169,-0.000038,0.003356,-0.000166,0.013704,0.999982,-0.006000,0.000000,0.000000
2.900000,2.920000,0.012645,-0.007871,0.007871,0.999992,-0.000047,-0.003935,-0.000036,0.003133,-0.000150,0.012250,0.999982,-0.006000,0.000000,0.000000
2.920000,2.940000,0.013558,-0.007353,0.007353,0.999993,-0.000044,-0.003676,-0.000034,0.002966,-0.000157,0.013229,0.999982,-0.006000,0.000000,0.000000
2.940000,2.960000,0.012461,-0.006788,0.006788,0.999994,-0.000041,-0.003394,-0.000031,0.002729,-0.000145,0.012157,0.999982,-0.006000,0.000000,0.000000
2.960000,2.980000,0.012974,-0.006180,0.006180,0.999995,-0.000037,-0.003090,-0.000028,0.002528,-0.000147,0.012725,0.999982,-0.006000,0.000000,0.000000
2.980000,3.000000,0.008060,-0.005532,0.005532,0.999996,-0.000033,-0.002766,-0.000025,0.002182,-0.000098,0.007758,0.999982,-0.006000,0.000000,0.000000
3.000000,3.020000,0.008271,-0.004849,0.004849,0.999997,-0.000029,-0.002424,-0.000022,0.001937,-0.000097,0.008041,0.999982,-0.006000,0.000000,0.000000
3.020000,3.040000,0.010991,-0.004135,0.004135,0.999998,-0.000025,-0.002067,-0.000019,0.001739,-0.000121,0.010852,0.999982,-0.006000,0.000000,0.000000
3.040000,3.060000,0.011387,-0.003394,0.003394,0.999999,-0.000020,-0.001697,-0.000016,0.001477,-0.000122,0.011291,0.999982,-0.006000,0.000000,0.000000
3.060000,3.080000,0.011249,-0.002632,0.002632,0.999999,-0.000016,-0.001316,-0.000012,0.001198,-0.000117,0.011185,0.999982,-0.006000,0.000000,0.000000
3.080000,3.100000,0.010246,-0.001853,0.001853,1.000000,-0.000011,-0.000926,-0.000009,0.000891,-0.000105,0.010207,0.999982,-0.006000,0.000000,0.000000
3.100000,3.120000,0.009216,-0.001061,0.001061,1.000000,-0.000006,-0.000531,-0.000005,0.000581,-0.000092,0.009197,0.999982,-0.006000,0.000000,0.000000
3.120000,3.140000,0.009509,-0.000264,0.000264,1.000000,-0.000002,-0.000132,-0.000001,0.000294,-0.000091,0.009504,0.999982,-0.006000,0.000000,0.000000
3.140000,3.160000,0.007140,0.000536,0.000536,1.000000,0.000003,0.000268,0.000002,-0.000046,-0.000065,0.007140,0.999982,-0.006000,0.000000,0.000000
3.160000,3.180000,0.005132,0.001332,0.001332,1.000000,0.000008,0.000666,0.000006,-0.000377,-0.000043,0.005118,0.999982,-0.006000,0.000000,0.000000
3.180000,3.200000,0.006698,0.002120,0.002120,0.999999,0.000013,0.001060,0.000010,-0.000629,-0.000054,0.006668,0.999982,-0.006000,0.000000,0.000000
3.200000,3.220000,0.012765,0.002894,0.002894,0.999999,0.000017,0.001447,0.000013,-0.000796,-0.000108,0.012740,0.999982,-0.006000,0.000000,0.000000
3.220000,3.240000,0.010808,0.003649,0.003649,0.999998,0.000022,0.001824,0.000017,-0.001109,-0.000086,0.010750,0.999982,-0.006000,0.000000,0.000000
3.240000,3.260000,0.010834,0.004381,0.004381,0.999998,0.000026,0.002190,0.000020,-0.001375,-0.000082,0.010746,0.999982,-0.006000,0.000000,0.000000
3.260000,3.280000,0.009562,0.005086,0.005086,0.999997,0.000031,0.002543,0.000023,-0.001657,-0.000067,0.009417,0.999982,-0.006000,0.000000,0.000000
3.280000,3.300000,0.013700,0.005757,0.005757,0.999996,0.000035,0.002878,0.000026,-0.001833,-0.000103,0.013577,0.999982,-0.006000,0.000000,0.000000
3.300000,3.320000,0.009369,0.006392,0.006392,0.999995,0.000038,0.003196,0.000029,-0.002145,-0.000058,0.009120,0.999982,-0.006000,0.000000,0.000000
3.320000,3.340000,0.011128,0.006986,0.006986,0.999994,0.000042,0.003493,0.000032,-0.002324,-0.000072,0.010883,0.999982,-0.006000,0.000000,0.000000
3.340000,3.360000,0.014723,0.007535,0.007535,0.999993,0.000045,0.003767,0.000035,-0.002467,-0.000104,0.014515,0.999982,-0.006000,0.000000,0.000000
3.360000,3.380000,0.008014,0.008036,0.008036,0.999992,0.000048,0.004018,0.000037,-0.002771,-0.000036,0.007520,0.999982,-0.006000,0.000000,0.000000
3.380000,3.400000,0.006484,0.008486,0.008486,0.999991,0.000051,0.004242,0.000039,-0.002958,-0.000018,0.005770,0.999982,-0.006000,0.000000,0.000000
3.400000,3.420000,0.012549,0.008881,0.008881,0.999990,0.000053,0.004440,0.000041,-0.002991,-0.000076,0.012187,0.999982,-0.006000,0.000000,0.000000
3.420000,3.440000,0.003745,0.009220,0.009220,0.999989,0.000055,0.004609,0.000042,-0.003307,0.000024,0.001757,0.999982,-0.006000,0.000000,0.000000
3.440000,3.460000,0.009229,0.009499,0.009499,0.999989,0.000057,0.004749,0.000044,-0.003287,-0.000040,0.008624,0.999982,-0.006000,0.000000,0.000000
3.460000,3.480000,0.004708,0.009718,0.009718,0.999988,0.000058,0.004858,0.000045,-0.003445,0.000012,0.003208,0.999982,-0.006000,0.000000,0.000000
3.480000,3.500000,0.010230,0.009875,0.009875,0.999988,0.000059,0.004937,0.000045,-0.003391,-0.000048,0.009651,0.999982,-0.006000,0.000000,0.000000
3.500000,3.520000,0.009798,0.009968,0.009968,0.999988,0.000060,0.004984,0.000046,-0.003440,-0.000043,0.009174,0.999982,-0.006000,0.000000,0.000000
3.520000,3.540000,0.016455,0.009998,0.009998,0.999988,0.000060,0.004998,0.000046,-0.003350,-0.000108,0.016110,0.999982,-0.006000,0.000000,0.000000
3.540000,3.560000,0.008490,0.009964,0.009964,0.999988,0.000060,0.004981,0.000046,-0.003463,-0.000030,0.007751,0.999982,-0.006000,0.000000,0.000000
3.560000,3.580000,0.010549,0.009866,0.009866,0.999988,0.000059,0.004932,0.000045,-0.003383,-0.000051,0.009992,0.999982,-0.006000,0.000000,0.000000
3.580000,3.600000,0.007031,0.009705,0.009705,0.999988,0.000058,0.004852,0.000045,-0.003392,-0.000016,0.006158,0.999982,-0.006000,0.000000,0.000000
3.600000,3.620000,0.013573,0.009482,0.009482,0.999989,0.000057,0.004740,0.000044,-0.003200,-0.000083,0.013190,0.999982,-0.006000,0.000000,0.000000
3.620000,3.640000,0.007160,0.009198,0.009198,0.999989,0.000055,0.004598,0.000042,-0.003199,-0.000021,0.006406,0.999982,-0.006000,0.000000,0.000000
3.640000,3.660000,0.011040,0.008855,0.008855,0.999990,0.000053,0.004427,0.000041,-0.003016,-0.000062,0.010620,0.999982,-0.006000,0.000000,0.000000
3.660000,3.680000,0.009705,0.008456,0.008456,0.999991,0.000051,0.004227,0.000039,-0.002881,-0.000051,0.009267,0.999982,-0.006000,0.000000,0.000000
3.680000,3.700000,0.011764,0.008002,0.008002,0.999992,0.000048,0.004001,0.000037,-0.002694,-0.000073,0.011452,0.999982,-0.006000,0.000000,0.000000
3.700000,3.720000,0.009192,0.007498,0.007498,0.999993,0.000045,0.003748,0.000035,-0.002543,-0.000051,0.008833,0.999982,-0.006000,0.000000,0.000000
3.720000,3.740000,0.005919,0.006945,0.006945,0.999994,0.000042,0.003472,0.000032,-0.002408,-0.000021,0.005407,0.999982,-0.006000,0.000000,0.000000
3.740000,3.760000,0.010100,0.006348,0.006348,0.999995,0.000038,0.003174,0.000029,-0.002107,-0.000066,0.009878,0.999982,-0.006000,0.000000,0.000000
3.760000,3.780000,0.005806,0.005711,0.005711,0.999996,0.000034,0.002855,0.000026,-0.001953,-0.000027,0.005467,0.999982,-0.006000,0.000000,0.000000
3.780000,3.800000,0.011240,0.005037,0.005037,0.999997,0.000030,0.002518,0.000023,-0.001604,-0.000083,0.011125,0.999982,-0.006000,0.000000,0.000000
3.800000,3.820000,0.005285,0.004330,0.004330,0.999998,0.000026,0.002165,0.000020,-0.001466,-0.000029,0.005078,0.999982,-0.006000,0.000000,0.000000
3.820000,3.840000,0.016632,0.003596,0.003596,0.999998,0.000022,0.001798,0.000017,-0.000978,-0.000141,0.016602,0.999982,-0.006000,0.000000,0.000000
3.840000,3.860000,0.010632,0.002839,0.002839,0.999999,0.000017,0.001420,0.000013,-0.000817,-0.000088,0.010601,0.999982,-0.006000,0.000000,0.000000
3.860000,3.880000,0.008676,0.002064,0.002064,0.999999,0.000012,0.001032,0.000009,-0.000575,-0.000073,0.008657,0.999982,-0.006000,0.000000,0.000000
3.880000,3.900000,0.013403,0.001276,0.001276,1.000000,0.000008,0.000638,0.000006,-0.000190,-0.000121,0.013401,0.999982,-0.006000,0.000000,0.000000
3.900000,3.920000,0.008749,0.000479,0.000479,1.000000,0.000003,0.000240,0.000002,0.000008,-0.000081,0.008748,0.999982,-0.006000,0.000000,0.000000
3.920000,3.940000,0.007397,-0.000320,0.000320,1.000000,-0.000002,-0.000160,-0.000001,0.000270,-0.000071,0.007391,0.999982,-0.006000,0.000000,0.000000
3.940000,3.960000,0.010068,-0.001118,0.001118,1.000000,-0.000007,-0.000559,-0.000005,0.000617,-0.000100,0.010049,0.999982,-0.006000,0.000000,0.000000
3.960000,3.980000,0.003212,-0.001908,0.001908,1.000000,-0.000011,-0.000954,-0.000009,0.000755,-0.000038,0.003122,0.999982,-0.006000,0.000000,0.000000
3.980000,4.000000,0.012250,-0.002686,0.002686,0.999999,-0.000016,-0.001343,-0.000012,0.001236,-0.000127,0.012187,0.999982,-0.006000,0.000000,0.000000
4.000000,4.020000,0.012442,-0.003447,0.003447,0.999999,-0.000021,-0.001724,-0.000016,0.001522,-0.000132,0.012347,0.999982,-0.006000,0.000000,0.000000
4.020000,4.040000,0.011509,-0.004186,0.004186,0.999998,-0.000025,-0.002093,-0.000019,0.001764,-0.000126,0.011373,0.999982,-0.006000,0.000000,0.000000
4.040000,4.060000,0.013351,-0.004899,0.004899,0.999997,-0.000029,-0.002449,-0.000023,0.002064,-0.000146,0.013189,0.999982,-0.006000,0.000000,0.000000
4.060000,4.080000,0.009270,-0.005579,0.005579,0.999996,-0.000033,-0.002789,-0.000026,0.002218,-0.000109,0.009000,0.999982,-0.006000,0.000000,0.000000
4.080000,4.100000,0.009932,-0.006225,0.006225,0.999995,-0.000037,-0.003112,-0.000029,0.002473,-0.000118,0.009618,0.999982,-0.006000,0.000000,0.000000
4.100000,4.120000,0.013681,-0.006830,0.006830,0.999994,-0.000041,-0.003415,-0.000031,0.002782,-0.000157,0.013394,0.999982,-0.006000,0.000000,0.000000
4.120000,4.140000,0.011564,-0.007392,0.007392,0.999993,-0.000044,-0.003695,-0.000034,0.002924,-0.000138,0.011187,0.999982,-0.006000,0.000000,0.000000
4.140000,4.160000,0.008516,-0.007906,0.007906,0.999992,-0.000047,-0.003953,-0.000036,0.003041,-0.000110,0.007953,0.999982,-0.006000,0.000000,0.000000
4.160000,4.180000,0.010434,-0.008370,0.008370,0.999991,-0.000050,-0.004184,-0.000039,0.003267,-0.000130,0.009909,0.999982,-0.006000,0.000000,0.000000
4.180000,4.200000,0.012226,-0.008780,0.008780,0.999990,-0.000053,-0.004389,-0.000040,0.003460,-0.000149,0.011725,0.999982,-0.006000,0.000000,0.000000
4.200000,4.220000,0.009937,-0.009134,0.009134,0.999990,-0.000055,-0.004567,-0.000042,0.003528,-0.000128,0.009289,0.999982,-0.006000,0.000000,0.000000
4.220000,4.240000,0.012112,-0.009430,0.009430,0.999989,-0.000057,-0.004714,-0.000043,0.003687,-0.000150,0.011536,0.999982,-0.006000,0.000000,0.000000
4.240000,4.260000,0.007211,-0.009665,0.009665,0.999988,-0.000058,-0.004832,-0.000044,0.003640,-0.000101,0.006224,0.999982,-0.006000,0.000000,0.000000
4.260000,4.280000,0.009211,-0.009839,0.009839,0.999988,-0.000059,-0.004919,-0.000045,0.003754,-0.000122,0.008410,0.999982,-0.006000,0.000000,0.000000
4.280000,4.300000,0.016090,-0.009949,0.009949,0.999988,-0.000060,-0.004974,-0.000046,0.003981,-0.000191,0.015589,0.999982,-0.006000,0.000000,0.000000
4.300000,4.320000,0.011441,-0.009996,0.009996,0.999988,-0.000060,-0.004998,-0.000046,0.003874,-0.000146,0.010764,0.999982,-0.006000,0.000000,0.000000
4.320000,4.340000,0.010829,-0.009979,0.009979,0.999988,-0.000060,-0.004989,-0.000046,0.003861,-0.000139,0.010116,0.999982,-0.006000,0.000000,0.000000
4.340000,4.360000,0.013725,-0.009898,0.009898,0.999988,-0.000059,-0.004949,-0.000046,0.003894,-0.000168,0.013160,0.999982,-0.006000,0.000000,0.000000
4.360000,4.380000,0.011979,-0.009754,0.009754,0.999988,-0.000059,-0.004877,-0.000045,0.003809,-0.000150,0.011356,0.999982,-0.006000,0.000000,0.000000
4.380000,4.400000,0.014234,-0.009548,0.009548,0.999989,-0.000057,-0.004773,-0.000044,0.003794,-0.000172,0.013718,0.999982,-0.006000,0.000000,0.000000
4.400000,4.420000,0.007912,-0.009280,0.009280,0.999989,-0.000056,-0.004640,-0.000043,0.003524,-0.000107,0.007083,0.999982,-0.006000,0.000000,0.000000
4.420000,4.440000,0.011450,-0.008953,0.008953,0.999990,-0.000054,-0.004476,-0.000041,0.003493,-0.000142,0.010903,0.999982,-0.006000,0.000000,0.000000
4.440000,4.460000,0.011240,-0.008569,0.008569,0.999991,-0.000051,-0.004284,-0.000039,0.003351,-0.000139,0.010728,0.999982,-0.006000,0.000000,0.000000
4.460000,4.480000,0.013471,-0.008130,0.008130,0.999992,-0.000049,-0.004064,-0.000037,0.003246,-0.000159,0.013073,0.999982,-0.006000,0.000000,0.000000
4.480000,4.500000,0.010116,-0.007639,0.007639,0.999993,-0.000046,-0.003819,-0.000035,0.002985,-0.000125,0.009665,0.999982,-0.006000,0.000000,0.000000
4.500000,4.520000,0.013271,-0.007099,0.007099,0.999994,-0.000043,-0.003549,-0.000033,0.002872,-0.000154,0.012956,0.999982,-0.006000,0.000000,0.000000
4.520000,4.540000,0.007311,-0.006514,0.006514,0.999995,-0.000039,-0.003256,-0.000030,0.002506,-0.000093,0.006868,0.999982,-0.006000,0.000000,0.000000
4.540000,4.560000,0.014188,-0.005887,0.005887,0.999996,-0.000035,-0.002943,-0.000027,0.002450,-0.000158,0.013974,0.999982,-0.006000,0.000000,0.000000
4.560000,4.580000,0.007009,-0.005222,0.005222,0.999997,-0.000031,-0.002611,-0.000024,0.002036,-0.000086,0.006706,0.999982,-0.006000,0.000000,0.000000
4.580000,4.600000,0.014693,-0.004524,0.004524,0.999997,-0.000027,-0.002262,-0.000021,0.001963,-0.000158,0.014560,0.999982,-0.006000,0.000000,0.000000
4.600000,4.620000,0.012093,-0.003797,0.003797,0.999998,-0.000023,-0.001898,-0.000017,0.001642,-0.000130,0.011980,0.999982,-0.006000,0.000000,0.000000
4.620000,4.640000,0.011344,-0.003046,0.003046,0.999999,-0.000018,-0.001523,-0.000014,0.001351,-0.000120,0.011262,0.999982,-0.006000,0.000000,0.000000
4.640000,4.660000,0.007086,-0.002275,0.002275,0.999999,-0.000014,-0.001137,-0.000010,0.000976,-0.000076,0.007018,0.999982,-0.006000,0.000000,0.000000
4.660000,4.680000,0.006984,-0.001490,0.001490,1.000000,-0.000009,-0.000745,-0.000007,0.000685,-0.000072,0.006949,0.999982,-0.006000,0.000000,0.000000
4.680000,4.700000,0.008731,-0.000695,0.000695,1.000000,-0.000004,-0.000347,-0.000003,0.000435,-0.000085,0.008720,0.999982,-0.006000,0.000000,0.000000
4.700000,4.720000,0.011671,0.000104,0.000104,1.000000,0.000001,0.000052,0.000000,0.000205,-0.000110,0.011669,0.999982,-0.006000,0.000000,0.000000
4.720000,4.740000,0.011093,0.000903,0.000903,1.000000,0.000005,0.000451,0.000004,-0.000098,-0.000101,0.011092,0.999982,-0.006000,0.000000,0.000000
4.740000,4.760000,0.008633,0.001696,0.001696,1.000000,0.000010,0.000848,0.000008,-0.000438,-0.000074,0.008621,0.999982,-0.006000,0.000000,0.000000
4.760000,4.780000,0.014635,0.002478,0.002478,0.999999,0.000015,0.001239,0.000011,-0.000604,-0.000127,0.014622,0.999982,-0.006000,0.000000,0.000000
4.780000,4.800000,0.006950,0.003244,0.003244,0.999999,0.000019,0.001622,0.000015,-0.001037,-0.000051,0.006872,0.999982,-0.006000,0.000000,0.000000
4.800000,4.820000,0.007699,0.003989,0.003989,0.999998,0.000024,0.001994,0.000018,-0.001293,-0.000054,0.007590,0.999982,-0.006000,0.000000,0.000000
4.820000,4.840000,0.011105,0.004709,0.004709,0.999997,0.000028,0.002354,0.000022,-0.001493,-0.000083,0.011004,0.999982,-0.006000,0.000000,0.000000
4.840000,4.860000,0.006486,0.005399,0.005399,0.999996,0.000032,0.002699,0.000025,-0.001834,-0.000035,0.006221,0.999982,-0.006000,0.000000,0.000000
4.860000,4.880000,0.007015,0.006054,0.006054,0.999995,0.000036,0.003027,0.000028,-0.002065,-0.000037,0.006704,0.999982,-0.006000,0.000000,0.000000
4.880000,4.900000,0.011979,0.006671,0.006671,0.999994,0.000040,0.003335,0.000031,-0.002194,-0.000082,0.011776,0.999982,-0.006000,0.000000,0.000000
4.900000,4.920000,0.014824,0.007244,0.007244,0.999993,0.000043,0.003622,0.000033,-0.002358,-0.000106,0.014635,0.999982,-0.006000,0.000000,0.000000
4.920000,4.940000,0.010445,0.007772,0.007772,0.999992,0.000047,0.003886,0.000036,-0.002618,-0.000062,0.010112,0.999982,-0.006000,0.000000,0.000000
4.940000,4.960000,0.010518,0.008250,0.008250,0.999991,0.000049,0.004124,0.000038,-0.002801,-0.000060,0.010138,0.999982,-0.006000,0.000000,0.000000
4.960000,4.980000,0.007351,0.008675,0.008675,0.999991,0.000052,0.004337,0.000040,-0.003016,-0.000026,0.006704,0.999982,-0.006000,0.000000,0.000000
4.980000,5.000000,0.012610,0.009044,0.009044,0.999990,0.000054,0.004522,0.000042,-0.003055,-0.000076,0.012234,0.999982,-0.006000,0.000000,0.000000
5.000000,5.020000,0.013068,0.009356,0.009356,0.999989,0.000056,0.004677,0.000043,-0.003174,-0.000079,0.012677,0.999982,-0.006000,0.000000,0.000000
5.020000,5.040000,0.005036,0.009608,0.009608,0.999988,0.000058,0.004803,0.000044,-0.003390,0.000006,0.003723,0.999982,-0.006000,0.000000,0.000000
5.040000,5.060000,0.011477,0.009798,0.009798,0.999988,0.000059,0.004898,0.000045,-0.003364,-0.000061,0.010972,0.999982,-0.006000,0.000000,0.000000
5.060000,5.080000,0.004159,0.009926,0.009926,0.999988,0.000060,0.004962,0.000046,-0.003549,0.000023,0.002168,0.999982,-0.006000,0.000000,0.000000
5.080000,5.100000,0.012030,0.009990,0.009990,0.999988,0.000060,0.004994,0.000046,-0.003403,-0.000065,0.011539,0.999982,-0.006000,0.000000,0.000000
5.100000,5.120000,0.008701,0.009990,0.009990,0.999988,0.000060,0.004994,0.000046,-0.003483,-0.000032,0.007973,0.999982,-0.006000,0.000000,0.000000
5.120000,5.140000,0.008908,0.009927,0.009927,0.999988,0.000060,0.004963,0.000046,-0.003427,-0.000035,0.008222,0.999982,-0.006000,0.000000,0.000000
5.140000,5.160000,0.009306,0.009799,0.009799,0.999988,0.000059,0.004899,0.000045,-0.003389,-0.000039,0.008667,0.999982,-0.006000,0.000000,0.000000
5.160000,5.180000,0.006215,0.009610,0.009610,0.999988,0.000058,0.004804,0.000044,-0.003376,-0.000008,0.005218,0.999982,-0.006000,0.000000,0.000000
5.180000,5.200000,0.006446,0.009358,0.009358,0.999989,0.000056,0.004679,0.000043,-0.003276,-0.000012,0.005551,0.999982,-0.006000,0.000000,0.000000
5.200000,5.220000,0.015118,0.009047,0.009047,0.999990,0.000054,0.004523,0.000042,-0.003027,-0.000100,0.014811,0.999982,-0.006000,0.000000,0.000000
5.220000,5.240000,0.009763,0.008678,0.008678,0.999991,0.000052,0.004339,0.000040,-0.002968,-0.000050,0.009300,0.999982,-0.006000,0.000000,0.000000
5.240000,5.260000,0.015730,0.008254,0.008254,0.999991,0.000050,0.004126,0.000038,-0.002723,-0.000110,0.015493,0.999982,-0.006000,0.000000,0.000000
5.260000,5.280000,0.013350,0.007776,0.007776,0.999992,0.000047,0.003888,0.000036,-0.002579,-0.000090,0.013098,0.999982,-0.006000,0.000000,0.000000
5.280000,5.300000,0.013138,0.007249,0.007249,0.999993,0.000043,0.003624,0.000033,-0.002391,-0.000090,0.012918,0.999982,-0.006000,0.000000,0.000000
5.300000,5.320000,0.010660,0.006676,0.006676,0.999994,0.000040,0.003338,0.000031,-0.002229,-0.000069,0.010424,0.999982,-0.006000,0.000000,0.000000
5.320000,5.340000,0.008667,0.006060,0.006060,0.999995,0.000036,0.003030,0.000028,-0.002043,-0.000053,0.008422,0.999982,-0.006000,0.000000,0.000000
5.340000,5.360000,0.012625,0.005405,0.005405,0.999996,0.000032,0.002702,0.000025,-0.001716,-0.000095,0.012507,0.999982,-0.006000,0.000000,0.000000
5.360000,5.380000,0.008685,0.004715,0.004715,0.999997,0.000028,0.002357,0.000022,-0.001541,-0.000060,0.008547,0.999982,-0.006000,0.000000,0.000000
5.380000,5.400000,0.005896,0.003996,0.003996,0.999998,0.000024,0.001998,0.000018,-0.001332,-0.000037,0.005744,0.999982,-0.006000,0.000000,0.000000
5.400000,5.420000,0.012279,0.003251,0.003251,0.999999,0.000020,0.001625,0.000015,-0.000934,-0.000101,0.012243,0.999982,-0.006000,0.000000,0.000000
5.420000,5.440000,0.009638,0.002485,0.002485,0.999999,0.000015,0.001242,0.000011,-0.000709,-0.000080,0.009611,0.999982,-0.006000,0.000000,0.000000
5.440000,5.460000,0.004788,0.001703,0.001703,1.000000,0.000010,0.000851,0.000008,-0.000519,-0.000038,0.004760,0.999982,-0.006000,0.000000,0.000000
5.460000,5.480000,0.010300,0.000910,0.000910,1.000000,0.000005,0.000455,0.000004,-0.000119,-0.000093,0.010299,0.999982,-0.006000,0.000000,0.000000
5.480000,5.500000,0.010413,0.000111,0.000111,1.000000,0.000001,0.000056,0.000001,0.000175,-0.000098,0.010411,0.999982,-0.006000,0.000000,0.000000
5.500000,5.520000,0.009389,-0.000688,0.000688,1.000000,-0.000004,-0.000344,-0.000003,0.000445,-0.000092,0.009378,0.999982,-0.006000,0.000000,0.000000
5.520000,5.540000,0.007254,-0.001483,0.001483,1.000000,-0.000009,-0.000741,-0.000007,0.000689,-0.000075,0.007220,0.999982,-0.006000,0.000000,0.000000
5.540000,5.560000,0.010397,-0.002268,0.002268,0.999999,-0.000014,-0.001134,-0.000010,0.001043,-0.000108,0.010344,0.999982,-0.006000,0.000000,0.000000
5.560000,5.580000,0.007685,-0.003039,0.003039,0.999999,-0.000018,-0.001519,-0.000014,0.001261,-0.000085,0.007580,0.999982,-0.006000,0.000000,0.000000
5.580000,5.600000,0.011217,-0.003791,0.003791,0.999998,-0.000023,-0.001895,-0.000017,0.001618,-0.000122,0.011099,0.999982,-0.006000,0.000000,0.000000
5.600000,5.620000,0.010839,-0.004518,0.004518,0.999997,-0.000027,-0.002259,-0.000021,0.001868,-0.000121,0.010676,0.999982,-0.006000,0.000000,0.000000
5.620000,5.640000,0.012522,-0.005216,0.005216,0.999997,-0.000031,-0.002608,-0.000024,0.002166,-0.000140,0.012333,0.999982,-0.006000,0.000000,0.000000
5.640000,5.660000,0.003392,-0.005881,0.005881,0.999996,-0.000035,-0.002940,-0.000027,0.002174,-0.000050,0.002604,0.999982,-0.006000,0.000000,0.000000
5.660000,5.680000,0.013371,-0.006508,0.006508,0.999995,-0.000039,-0.003254,-0.000030,0.002653,-0.000152,0.013105,0.999982,-0.006000,0.000000,0.000000
5.680000,5.700000,0.010614,-0.007094,0.007094,0.999994,-0.000043,-0.003547,-0.000033,0.002809,-0.000128,0.010235,0.999982,-0.006000,0.000000,0.000000
5.700000,5.720000,0.011736,-0.007634,0.007634,0.999993,-0.000046,-0.003817,-0.000035,0.003027,-0.000141,0.011338,0.999982,-0.006000,0.000000,0.000000
5.720000,5.740000,0.009293,-0.008126,0.008126,0.999992,-0.000049,-0.004062,-0.000037,0.003148,-0.000118,0.008743,0.999982,-0.006000,0.000000,0.000000
5.740000,5.760000,0.014306,-0.008565,0.008565,0.999991,-0.000051,-0.004282,-0.000039,0.003431,-0.000169,0.013888,0.999982,-0.006000,0.000000,0.000000
5.760000,5.780000,0.014064,-0.008950,0.008950,0.999990,-0.000054,-0.004475,-0.000041,0.003574,-0.000168,0.013601,0.999982,-0.006000,0.000000,0.000000
5.780000,5.800000,0.010874,-0.009278,0.009278,0.999989,-0.000056,-0.004638,-0.000043,0.003598,-0.000138,0.010261,0.999982,-0.006000,0.000000,0.000000
5.800000,5.820000,0.008455,-0.009546,0.009546,0.999989,-0.000057,-0.004772,-0.000044,0.003636,-0.000114,0.007632,0.999982,-0.006000,0.000000,0.000000
5.820000,5.840000,0.012994,-0.009753,0.009753,0.999988,-0.000059,-0.004876,-0.000045,0.003831,-0.000160,0.012416,0.999982,-0.006000,0.000000,0.000000
5.840000,5.860000,0.011021,-0.009897,0.009897,0.999988,-0.000059,-0.004948,-0.000046,0.003822,-0.000141,0.010336,0.999982,-0.006000,0.000000,0.000000
5.860000,5.880000,0.009989,-0.009979,0.009979,0.999988,-0.000060,-0.004989,-0.000046,0.003827,-0.000131,0.009226,0.999982,-0.006000,0.000000,0.000000
5.880000,5.900000,0.014527,-0.009996,0.009996,0.999988,-0.000060,-0.004998,-0.000046,0.003959,-0.000176,0.013976,0.999982,-0.006000,0.000000,0.000000
5.900000,5.920000,0.013306,-0.009950,0.009950,0.999988,-0.000060,-0.004974,-0.000046,0.003904,-0.000164,0.012720,0.999982,-0.006000,0.000000,0.000000
5.920000,5.940000,0.008374,-0.009840,0.009840,0.999988,-0.000059,-0.004919,-0.000045,0.003740,-0.000114,0.007492,0.999982,-0.006000,0.000000,0.000000
5.940000,5.960000,0.006842,-0.009667,0.009667,0.999988,-0.000058,-0.004833,-0.000044,0.003630,-0.000097,0.005799,0.999982,-0.006000,0.000000,0.000000
5.960000,5.980000,0.010620,-0.009432,0.009432,0.999989,-0.000057,-0.004716,-0.000043,0.003663,-0.000136,0.009967,0.999982,-0.006000,0.000000,0.000000
5.980000,6.000000,0.005505,-0.009137,0.009137,0.999990,-0.000055,-0.004568,-0.000042,0.003399,-0.000081,0.004329,0.999982,-0.006000,0.000000,0.000000
6.000000,6.020000,0.009271,-0.008783,0.008783,0.999990,-0.000053,-0.004391,-0.000040,0.003377,-0.000120,0.008633,0.999982,-0.006000,0.000000,0.000000
6.020000,6.040000,0.011606,-0.008374,0.008374,0.999991,-0.000050,-0.004186,-0.000039,0.003302,-0.000142,0.011126,0.999982,-0.006000,0.000000,0.000000
6.040000,6.060000,0.012923,-0.007910,0.007910,0.999992,-0.000047,-0.003955,-0.000036,0.003162,-0.000153,0.012530,0.999982,-0.006000,0.000000,0.000000
6.060000,6.080000,0.013717,-0.007396,0.007396,0.999993,-0.000044,-0.003698,-0.000034,0.002996,-0.000159,0.013384,0.999982,-0.006000,0.000000,0.000000
6.080000,6.100000,0.010635,-0.006835,0.006835,0.999994,-0.000041,-0.003417,-0.000031,0.002715,-0.000127,0.010281,0.999982,-0.006000,0.000000,0.000000
6.100000,6.120000,0.012721,-0.006230,0.006230,0.999995,-0.000037,-0.003115,-0.000029,0.002537,-0.000145,0.012464,0.999982,-0.006000,0.000000,0.000000
6.120000,6.140000,0.012416,-0.005585,0.005585,0.999996,-0.000034,-0.002792,-0.000026,0.002300,-0.000140,0.012201,0.999982,-0.006000,0.000000,0.000000
6.140000,6.160000,0.008916,-0.004905,0.004905,0.999997,-0.000029,-0.002452,-0.000023,0.001970,-0.000104,0.008695,0.999982,-0.006000,0.000000,0.000000
6.160000,6.180000,0.010463,-0.004193,0.004193,0.999998,-0.000025,-0.002096,-0.000019,0.001748,-0.000116,0.010316,0.999982,-0.006000,0.000000,0.000000
6.180000,6.200000,0.010734,-0.003454,0.003454,0.999999,-0.000021,-0.001727,-0.000016,0.001488,-0.000116,0.010630,0.999982,-0.006000,0.000000,0.000000
6.200000,6.220000,0.012029,-0.002693,0.002693,0.999999,-0.000016,-0.001346,-0.000012,0.001236,-0.000125,0.011965,0.999982,-0.006000,0.000000,0.000000
6.220000,6.240000,0.010840,-0.001915,0.001915,1.000000,-0.000011,-0.000957,-0.000009,0.000925,-0.000111,0.010800,0.999982,-0.006000,0.000000,0.000000
6.240000,6.260000,0.012153,-0.001125,0.001125,1.000000,-0.000007,-0.000562,-0.000005,0.000665,-0.000120,0.012134,0.999982,-0.006000,0.000000,0.000000
6.260000,6.280000,0.011123,-0.000327,0.000327,1.000000,-0.000002,-0.000164,-0.000002,0.000351,-0.000107,0.011117,0.999982,-0.006000,0.000000,0.000000
