time,lin_vel,ang_vel,distance,theta
0.000000,0.475607,0.000000,0.004756,0.000000
0.010000,0.282636,0.019995,0.002826,0.000200
0.020000,0.636858,0.039957,0.006369,0.000400
0.030000,0.284962,0.059856,0.002850,0.000599
0.040000,0.506654,0.079659,0.005067,0.000797
0.050000,0.648967,0.099335,0.006490,0.000993
0.060000,0.506721,0.118851,0.005067,0.001189
0.070000,0.394673,0.138178,0.003947,0.001382
0.080000,0.592506,0.157283,0.005925,0.001573
0.090000,0.540140,0.176137,0.005401,0.001761
0.100000,0.924935,0.194709,0.009249,0.001947
0.110000,0.574344,0.212970,0.005743,0.002130
0.120000,0.704193,0.230890,0.007042,0.002309
0.130000,0.656682,0.248440,0.006567,0.002484
0.140000,0.474432,0.265593,0.004744,0.002656
0.150000,0.432637,0.282321,0.004326,0.002823
0.160000,0.362569,0.298598,0.003626,0.002986
0.170000,0.761684,0.314397,0.007617,0.003144
0.180000,0.312832,0.329692,0.003128,0.003297
0.190000,-0.034473,0.344461,-0.000345,0.003445
0.200000,0.345452,0.358678,0.003455,0.003587
0.210000,0.395687,0.372322,0.003957,0.003723
0.220000,0.096942,0.385369,0.000969,0.003854
0.230000,0.510074,0.397801,0.005101,0.003978
0.240000,0.321075,0.409596,0.003211,0.004096
0.250000,0.497367,0.420735,0.004974,0.004207
0.260000,0.463064,0.431202,0.004631,0.004312
0.270000,0.364109,0.440979,0.003641,0.004410
0.280000,0.485252,0.450050,0.004853,0.004501
0.290000,0.671649,0.458402,0.006716,0.004584
0.300000,0.575382,0.466020,0.005754,0.004660
0.310000,0.350146,0.472892,0.003501,0.004729
0.320000,0.780461,0.479008,0.007805,0.004790
0.330000,0.661180,0.484358,0.006612,0.004844
0.340000,0.432954,0.488932,0.004330,0.004889
0.350000,0.634514,0.492725,0.006345,0.004927
0.360000,0.742305,0.495729,0.007423,0.004957
0.370000,0.509296,0.497940,0.005093,0.004979
0.380000,0.442977,0.499355,0.004430,0.004994
0.390000,0.730174,0.499971,0.007302,0.005000
0.400000,0.237145,0.499787,0.002371,0.004998
0.410000,0.473784,0.498803,0.004738,0.004988
0.420000,0.405808,0.497022,0.004058,0.004970
0.430000,0.514454,0.494445,0.005145,0.004944
0.440000,0.834653,0.491077,0.008347,0.004911
0.450000,0.497951,0.486924,0.004980,0.004869
0.460000,0.418878,0.481991,0.004189,0.004820
0.470000,0.436949,0.476288,0.004369,0.004763
0.480000,0.378608,0.469823,0.003786,0.004698
0.490000,0.180735,0.462606,0.001807,0.004626
0.500000,0.302376,0.454649,0.003024,0.004546
0.510000,0.659428,0.445964,0.006594,0.004460
0.520000,0.720940,0.436566,0.007209,0.004366
0.530000,0.234886,0.426470,0.002349,0.004265
0.540000,0.305650,0.415692,0.003057,0.004157
0.550000,0.813914,0.404248,0.008139,0.004042
0.560000,0.531748,0.392158,0.005317,0.003922
0.570000,0.467619,0.379440,0.004676,0.003794
0.580000,0.783635,0.366116,0.007836,0.003661
0.590000,0.101272,0.352205,0.001013,0.003522
0.600000,0.613591,0.337732,0.006136,0.003377
0.610000,0.497171,0.322717,0.004972,0.003227
0.620000,0.603120,0.307187,0.006031,0.003072
0.630000,0.260491,0.291165,0.002605,0.002912
0.640000,0.723349,0.274678,0.007233,0.002747
0.650000,0.611466,0.257751,0.006115,0.002578
0.660000,0.212856,0.240411,0.002129,0.002404
0.670000,0.477195,0.222687,0.004772,0.002227
0.680000,0.688201,0.204607,0.006882,0.002046
0.690000,0.456232,0.186200,0.004562,0.001862
0.700000,0.416419,0.167494,0.004164,0.001675
0.710000,0.290335,0.148521,0.002903,0.001485
0.720000,0.473031,0.129310,0.004730,0.001293
0.730000,0.279811,0.109892,0.002798,0.001099
0.740000,0.649222,0.090298,0.006492,0.000903
0.750000,0.483511,0.070560,0.004835,0.000706
0.760000,0.519170,0.050709,0.005192,0.000507
0.770000,0.486651,0.030777,0.004867,0.000308
0.780000,0.503769,0.010795,0.005038,0.000108
0.790000,0.728348,-0.009203,0.007283,-0.000092
0.800000,0.468430,-0.029187,0.004684,-0.000292
0.810000,0.765538,-0.049124,0.007655,-0.000491
0.820000,0.720432,-0.068983,0.007204,-0.000690
0.830000,0.590114,-0.088731,0.005901,-0.000887
0.840000,0.526522,-0.108338,0.005265,-0.001083
0.850000,0.511802,-0.127771,0.005118,-0.001278
0.860000,0.525383,-0.146999,0.005254,-0.001470
0.870000,0.129513,-0.165993,0.001295,-0.001660
0.880000,0.698121,-0.184720,0.006981,-0.001847
0.890000,0.454768,-0.203153,0.004548,-0.002032
0.900000,0.686014,-0.221260,0.006860,-0.002213
0.910000,0.698181,-0.239014,0.006982,-0.002390
0.920000,0.351619,-0.256385,0.003516,-0.002564
0.930000,0.508527,-0.273346,0.005085,-0.002733
0.940000,0.900956,-0.289869,0.009010,-0.002899
0.950000,0.475648,-0.305929,0.004756,-0.003059
0.960000,0.655163,-0.321499,0.006552,-0.003215
0.970000,-0.071315,-0.336555,-0.000713,-0.003366
0.980000,0.769063,-0.351073,0.007691,-0.003511
0.990000,0.447114,-0.365029,0.004471,-0.003650
1.000000,0.401064,-0.378401,0.004011,-0.003784
1.010000,0.417605,-0.391168,0.004176,-0.003912
1.020000,0.383962,-0.403309,0.003840,-0.004033
1.030000,0.820621,-0.414805,0.008206,-0.004148
1.040000,0.683026,-0.425637,0.006830,-0.004256
1.050000,0.598233,-0.435788,0.005982,-0.004358
1.060000,0.251757,-0.445242,0.002518,-0.004452
1.070000,0.612288,-0.453984,0.006123,-0.004540
1.080000,0.610409,-0.461999,0.006104,-0.004620
1.090000,0.472573,-0.469275,0.004726,-0.004693
1.100000,0.314908,-0.475801,0.003149,-0.004758
1.110000,0.302207,-0.481565,0.003022,-0.004816
1.120000,0.359140,-0.486559,0.003591,-0.004866
1.130000,0.683550,-0.490775,0.006836,-0.004908
1.140000,0.423323,-0.494206,0.004233,-0.004942
1.150000,0.740688,-0.496846,0.007407,-0.004968
1.160000,0.428518,-0.498691,0.004285,-0.004987
1.170000,0.432518,-0.499738,0.004325,-0.004997
1.180000,0.410112,-0.499986,0.004101,-0.005000
1.190000,0.445207,-0.499433,0.004452,-0.004994
1.200000,0.739552,-0.498082,0.007396,-0.004981
1.210000,0.609481,-0.495934,0.006095,-0.004959
1.220000,0.639499,-0.492993,0.006395,-0.004930
1.230000,0.764446,-0.489263,0.007644,-0.004893
1.240000,0.168957,-0.484750,0.001690,-0.004848
1.250000,0.679415,-0.479462,0.006794,-0.004795
1.260000,0.514038,-0.473407,0.005140,-0.004734
1.270000,0.294415,-0.466594,0.002944,-0.004666
1.280000,0.831396,-0.459035,0.008314,-0.004590
1.290000,0.643649,-0.450742,0.006436,-0.004507
1.300000,0.531539,-0.441727,0.005315,-0.004417
1.310000,0.470380,-0.432006,0.004704,-0.004320
1.320000,0.126684,-0.421594,0.001267,-0.004216
1.330000,0.615318,-0.410507,0.006153,-0.004105
1.340000,0.994103,-0.398764,0.009941,-0.003988
1.350000,0.660076,-0.386382,0.006601,-0.003864
1.360000,0.109474,-0.373383,0.001095,-0.003734
1.370000,0.291901,-0.359786,0.002919,-0.003598
1.380000,0.073287,-0.345613,0.000733,-0.003456
1.390000,0.297867,-0.330888,0.002979,-0.003309
1.400000,0.468952,-0.315633,0.004690,-0.003156
1.410000,0.446788,-0.299874,0.004468,-0.002999
1.420000,0.734807,-0.283634,0.007348,-0.002836
1.430000,0.681015,-0.266941,0.006810,-0.002669
1.440000,0.907787,-0.249821,0.009078,-0.002498
1.450000,0.400007,-0.232301,0.004000,-0.002323
1.460000,0.285400,-0.214410,0.002854,-0.002144
1.470000,0.564845,-0.196175,0.005648,-0.001962
1.480000,0.562065,-0.177627,0.005621,-0.001776
1.490000,0.074990,-0.158794,0.000750,-0.001588
1.500000,0.469132,-0.139708,0.004691,-0.001397
1.510000,0.739959,-0.120398,0.007400,-0.001204
1.520000,0.814081,-0.100895,0.008141,-0.001009
1.530000,0.420938,-0.081231,0.004209,-0.000812
1.540000,0.711253,-0.061437,0.007113,-0.000614
1.550000,0.662836,-0.041545,0.006628,-0.000415
1.560000,0.549399,-0.021586,0.005494,-0.000216
1.570000,0.580764,-0.001593,0.005808,-0.000016
1.580000,0.501643,0.018403,0.005016,0.000184
1.590000,0.456095,0.038370,0.004561,0.000384
1.600000,0.206007,0.058275,0.002060,0.000583
1.610000,0.545544,0.078086,0.005455,0.000781
1.620000,0.789116,0.097773,0.007891,0.000978
1.630000,0.675223,0.117304,0.006752,0.001173
1.640000,0.334360,0.136646,0.003344,0.001366
1.650000,0.215880,0.155771,0.002159,0.001558
1.660000,0.370260,0.174646,0.003703,0.001746
1.670000,0.437838,0.193241,0.004378,0.001932
1.680000,0.400791,0.211528,0.004008,0.002115
1.690000,0.333953,0.229476,0.003340,0.002295
1.700000,0.949329,0.247057,0.009493,0.002471
1.710000,0.001055,0.264242,0.000011,0.002642
1.720000,0.550821,0.281005,0.005508,0.002810
1.730000,0.446741,0.297319,0.004467,0.002973
1.740000,0.138609,0.313157,0.001386,0.003132
1.750000,0.666489,0.328493,0.006665,0.003285
1.760000,0.497841,0.343305,0.004978,0.003433
1.770000,0.401829,0.357567,0.004018,0.003576
1.780000,0.551174,0.371257,0.005512,0.003713
1.790000,0.837180,0.384353,0.008372,0.003844
1.800000,0.463010,0.396834,0.004630,0.003968
1.810000,0.455205,0.408680,0.004552,0.004087
1.820000,0.310368,0.419873,0.003104,0.004199
1.830000,0.557855,0.430394,0.005579,0.004304
1.840000,0.400983,0.440226,0.004010,0.004402
1.850000,0.184638,0.449354,0.001846,0.004494
1.860000,0.548954,0.457763,0.005490,0.004578
1.870000,0.574744,0.465440,0.005747,0.004654
1.880000,0.896361,0.472372,0.008964,0.004724
1.890000,0.384689,0.478549,0.003847,0.004785
1.900000,0.546508,0.483960,0.005465,0.004840
1.910000,0.212448,0.488597,0.002124,0.004886
1.920000,0.447188,0.492452,0.004472,0.004925
1.930000,0.248685,0.495519,0.002487,0.004955
1.940000,0.678694,0.497793,0.006787,0.004978
1.950000,0.599611,0.499272,0.005996,0.004993
1.960000,0.349053,0.499951,0.003491,0.005000
1.970000,0.662784,0.499831,0.006628,0.004998
1.980000,0.651278,0.498911,0.006513,0.004989
1.990000,0.663333,0.497193,0.006633,0.004972
2.000000,0.476147,0.494679,0.004761,0.004947
2.010000,0.509346,0.491374,0.005093,0.004914
2.020000,0.629635,0.487283,0.006296,0.004873
2.030000,0.263589,0.482413,0.002636,0.004824
2.040000,0.238923,0.476770,0.002389,0.004768
2.050000,0.373991,0.470365,0.003740,0.004704
2.060000,0.437832,0.463208,0.004378,0.004632
2.070000,0.438959,0.455309,0.004390,0.004553
2.080000,0.580783,0.446682,0.005808,0.004467
2.090000,0.529135,0.437341,0.005291,0.004373
2.100000,0.470008,0.427299,0.004700,0.004273
2.110000,0.507531,0.416575,0.005075,0.004166
2.120000,0.479806,0.405183,0.004798,0.004052
2.130000,0.510039,0.393144,0.005100,0.003931
2.140000,0.350956,0.380476,0.003510,0.003805
2.150000,0.506575,0.367199,0.005066,0.003672
2.160000,0.355789,0.353334,0.003558,0.003533
2.170000,0.606758,0.338904,0.006068,0.003389
2.180000,0.445857,0.323932,0.004459,0.003239
2.190000,0.337364,0.308442,0.003374,0.003084
2.200000,0.660188,0.292459,0.006602,0.002925
2.210000,0.139522,0.276007,0.001395,0.002760
2.220000,0.659781,0.259114,0.006598,0.002591
2.230000,0.706530,0.241807,0.007065,0.002418
2.240000,0.463578,0.224112,0.004636,0.002241
2.250000,0.614943,0.206059,0.006149,0.002061
2.260000,0.184476,0.187677,0.001845,0.001877
2.270000,0.445385,0.168994,0.004454,0.001690
2.280000,0.164529,0.150041,0.001645,0.001500
2.290000,0.374863,0.130847,0.003749,0.001308
2.300000,0.528885,0.111445,0.005289,0.001114
2.310000,0.201438,0.091864,0.002014,0.000919
2.320000,0.583585,0.072136,0.005836,0.000721
2.330000,0.643668,0.052293,0.006437,0.000523
2.340000,0.346556,0.032366,0.003466,0.000324
2.350000,0.053141,0.012388,0.000531,0.000124
2.360000,0.291821,-0.007611,0.002918,-0.000076
2.370000,0.609475,-0.027597,0.006095,-0.000276
2.380000,0.173139,-0.047539,0.001731,-0.000475
2.390000,0.727186,-0.067405,0.007272,-0.000674
2.400000,0.753520,-0.087163,0.007535,-0.000872
2.410000,0.507324,-0.106782,0.005073,-0.001068
2.420000,0.724320,-0.126230,0.007243,-0.001262
2.430000,0.209621,-0.145476,0.002096,-0.001455
2.440000,0.196281,-0.164489,0.001963,-0.001645
2.450000,0.520977,-0.183240,0.005210,-0.001832
2.460000,0.551881,-0.201697,0.005519,-0.002017
2.470000,0.396719,-0.219831,0.003967,-0.002198
2.480000,0.356132,-0.237614,0.003561,-0.002376
2.490000,0.218232,-0.255016,0.002182,-0.002550
2.500000,0.464320,-0.272011,0.004643,-0.002720
2.510000,0.187214,-0.288570,0.001872,-0.002886
2.520000,0.516572,-0.304668,0.005166,-0.003047
2.530000,0.415253,-0.320278,0.004153,-0.003203
2.540000,0.586061,-0.335376,0.005861,-0.003354
2.550000,0.098486,-0.349937,0.000985,-0.003499
2.560000,0.585460,-0.363939,0.005855,-0.003639
2.570000,0.482352,-0.377358,0.004824,-0.003774
2.580000,0.618395,-0.390174,0.006184,-0.003902
2.590000,0.538246,-0.402365,0.005382,-0.004024
2.600000,0.559323,-0.413913,0.005593,-0.004139
2.610000,0.756996,-0.424799,0.007570,-0.004248
2.620000,0.358206,-0.435005,0.003582,-0.004350
2.630000,0.445039,-0.444515,0.004450,-0.004445
2.640000,0.739847,-0.453314,0.007398,-0.004533
2.650000,0.710920,-0.461388,0.007109,-0.004614
2.660000,0.390720,-0.468723,0.003907,-0.004687
2.670000,0.281610,-0.475309,0.002816,-0.004753
2.680000,0.424326,-0.481135,0.004243,-0.004811
2.690000,0.402319,-0.486190,0.004023,-0.004862
2.700000,0.423387,-0.490468,0.004234,-0.004905
2.710000,0.513913,-0.493961,0.005139,-0.004940
2.720000,0.475807,-0.496664,0.004758,-0.004967
2.730000,0.515016,-0.498573,0.005150,-0.004986
2.740000,0.475163,-0.499684,0.004752,-0.004997
2.750000,0.651945,-0.499995,0.006519,-0.005000
2.760000,0.571054,-0.499507,0.005711,-0.004995
2.770000,0.731578,-0.498219,0.007316,-0.004982
2.780000,0.251177,-0.496135,0.002512,-0.004961
2.790000,0.514211,-0.493256,0.005142,-0.004933
2.800000,0.710278,-0.489589,0.007103,-0.004896
2.810000,0.997539,-0.485138,0.009975,-0.004851
2.820000,0.615094,-0.479911,0.006151,-0.004799
2.830000,0.894499,-0.473917,0.008945,-0.004739
2.840000,0.657402,-0.467164,0.006574,-0.004672
2.850000,0.869336,-0.459664,0.008693,-0.004597
2.860000,0.522672,-0.451429,0.005227,-0.004514
2.870000,-0.084935,-0.442471,-0.000849,-0.004425
2.880000,0.504773,-0.432806,0.005048,-0.004328
2.890000,0.398684,-0.422448,0.003987,-0.004224
2.900000,0.929781,-0.411414,0.009298,-0.004114
2.910000,0.700479,-0.399722,0.007005,-0.003997
2.920000,0.484754,-0.387391,0.004848,-0.003874
2.930000,0.811395,-0.374440,0.008114,-0.003744
2.940000,0.474318,-0.360890,0.004743,-0.003609
2.950000,0.884724,-0.346763,0.008847,-0.003468
2.960000,0.296597,-0.332080,0.002966,-0.003321
2.970000,0.691653,-0.316867,0.006917,-0.003169
2.980000,0.549501,-0.301147,0.005495,-0.003011
2.990000,0.142987,-0.284944,0.001430,-0.002849
3.000000,0.604647,-0.268286,0.006046,-0.002683
3.010000,0.215937,-0.251199,0.002159,-0.002512
3.020000,0.563390,-0.233710,0.005634,-0.002337
3.030000,0.457203,-0.215847,0.004572,-0.002158
3.040000,0.606928,-0.197639,0.006069,-0.001976
3.050000,0.537164,-0.179115,0.005372,-0.001791
3.060000,0.574634,-0.160304,0.005746,-0.001603
3.070000,0.361014,-0.141236,0.003610,-0.001412
3.080000,0.744092,-0.121943,0.007441,-0.001219
3.090000,0.352739,-0.102454,0.003527,-0.001025
3.100000,0.658567,-0.082802,0.006586,-0.000828
3.110000,0.133301,-0.063017,0.001333,-0.000630
3.120000,0.781104,-0.043132,0.007811,-0.000431
3.130000,0.492478,-0.023177,0.004925,-0.000232
3.140000,0.456767,-0.003185,0.004568,-0.000032
3.150000,0.458040,0.016812,0.004580,0.000168
3.160000,0.258943,0.036781,0.002589,0.000368
3.170000,0.120646,0.056693,0.001206,0.000567
3.180000,0.398330,0.076513,0.003983,0.000765
3.190000,0.534971,0.096211,0.005350,0.000962
3.200000,0.143243,0.115755,0.001432,0.001158
3.210000,0.535571,0.135114,0.005356,0.001351
3.220000,0.754027,0.154257,0.007540,0.001543
3.230000,0.570746,0.173152,0.005707,0.001732
3.240000,0.523904,0.191771,0.005239,0.001918
3.250000,0.631659,0.210084,0.006317,0.002101
3.260000,0.466514,0.228060,0.004665,0.002281
3.270000,0.541072,0.245671,0.005411,0.002457
3.280000,0.428015,0.262889,0.004280,0.002629
3.290000,0.536895,0.279687,0.005369,0.002797
3.300000,0.851867,0.296037,0.008519,0.002960
3.310000,0.332411,0.311913,0.003324,0.003119
3.320000,0.614081,0.327291,0.006141,0.003273
3.330000,0.632584,0.342145,0.006326,0.003421
3.340000,0.493440,0.356452,0.004934,0.003565
3.350000,0.692259,0.370188,0.006923,0.003702
3.360000,0.800057,0.383332,0.008001,0.003833
3.370000,0.304019,0.395863,0.003040,0.003959
3.380000,0.491416,0.407761,0.004914,0.004078
3.390000,0.337539,0.419006,0.003375,0.004190
3.400000,0.285346,0.429581,0.002853,0.004296
3.410000,0.782667,0.439469,0.007827,0.004395
3.420000,0.484254,0.448653,0.004843,0.004487
3.430000,-0.241062,0.457120,-0.002411,0.004571
3.440000,0.466696,0.464856,0.004667,0.004649
3.450000,0.347785,0.471848,0.003478,0.004718
3.460000,0.566200,0.478085,0.005662,0.004781
3.470000,0.234345,0.483557,0.002343,0.004836
3.480000,0.139245,0.488256,0.001392,0.004883
3.490000,0.734508,0.492173,0.007345,0.004922
3.500000,0.284398,0.495304,0.002844,0.004953
3.510000,0.561469,0.497642,0.005615,0.004976
3.520000,0.410205,0.499183,0.004102,0.004992
3.530000,0.728165,0.499926,0.007282,0.004999
3.540000,0.937338,0.499870,0.009373,0.004999
3.550000,0.439632,0.499013,0.004396,0.004990
3.560000,0.389665,0.497359,0.003897,0.004974
3.570000,0.731815,0.494908,0.007318,0.004949
3.580000,0.321054,0.491666,0.003211,0.004917
3.590000,0.416502,0.487638,0.004165,0.004876
3.600000,0.252062,0.482829,0.002521,0.004828
3.610000,0.723258,0.477248,0.007233,0.004772
3.620000,0.647345,0.470903,0.006473,0.004709
3.630000,0.535801,0.463805,0.005358,0.004638
3.640000,0.154693,0.455965,0.001547,0.004560
3.650000,0.524202,0.447396,0.005242,0.004474
3.660000,0.585861,0.438110,0.005859,0.004381
3.670000,0.712803,0.428124,0.007128,0.004281
3.680000,0.259715,0.417453,0.002597,0.004175
3.690000,0.470706,0.406115,0.004707,0.004061
3.700000,0.717809,0.394126,0.007178,0.003941
3.710000,0.622593,0.381507,0.006226,0.003815
3.720000,0.301207,0.368278,0.003012,0.003683
3.730000,0.265793,0.354459,0.002658,0.003545
3.740000,0.312291,0.340074,0.003123,0.003401
3.750000,0.653438,0.325144,0.006534,0.003251
3.760000,0.368566,0.309694,0.003686,0.003097
3.770000,0.460941,0.293749,0.004609,0.002937
3.780000,0.116449,0.277334,0.001164,0.002773
3.790000,0.827763,0.260475,0.008278,0.002605
3.800000,0.311845,0.243199,0.003118,0.002432
3.810000,0.226689,0.225535,0.002267,0.002255
3.820000,0.304263,0.207509,0.003043,0.002075
3.830000,0.973798,0.189152,0.009738,0.001892
3.840000,0.705932,0.170492,0.007059,0.001705
3.850000,0.554245,0.151559,0.005542,0.001516
3.860000,0.521107,0.132384,0.005211,0.001324
3.870000,0.220683,0.112997,0.002207,0.001130
3.880000,0.656132,0.093429,0.006561,0.000934
3.890000,0.601806,0.073712,0.006018,0.000737
3.900000,0.745320,0.053877,0.007453,0.000539
3.910000,0.774240,0.033955,0.007742,0.000340
3.920000,0.103337,0.013980,0.001033,0.000140
3.930000,0.578348,-0.006018,0.005783,-0.000060
3.940000,0.159316,-0.026007,0.001593,-0.000260
3.950000,0.412088,-0.045953,0.004121,-0.000460
3.960000,0.587199,-0.065827,0.005872,-0.000658
3.970000,0.094829,-0.085595,0.000948,-0.000856
3.980000,0.207487,-0.105226,0.002075,-0.001052
3.990000,0.611818,-0.124688,0.006118,-0.001247
4.000000,0.593226,-0.143952,0.005932,-0.001440
4.010000,0.415701,-0.162985,0.004157,-0.001630
4.020000,0.801545,-0.181757,0.008015,-0.001818
4.030000,0.716508,-0.200238,0.007165,-0.002002
4.040000,0.399442,-0.218399,0.003994,-0.002184
4.050000,0.889522,-0.236211,0.008895,-0.002362
4.060000,0.404543,-0.253645,0.004045,-0.002536
4.070000,0.535018,-0.270673,0.005350,-0.002707
4.080000,0.336574,-0.287268,0.003366,-0.002873
4.090000,0.388632,-0.303403,0.003886,-0.003034
4.100000,0.541538,-0.319053,0.005415,-0.003191
4.110000,0.675244,-0.334193,0.006752,-0.003342
4.120000,0.629588,-0.348798,0.006296,-0.003488
4.130000,0.856829,-0.362845,0.008568,-0.003628
4.140000,0.224453,-0.376312,0.002245,-0.003763
4.150000,0.439201,-0.389176,0.004392,-0.003892
4.160000,0.316059,-0.401418,0.003161,-0.004014
4.170000,0.336304,-0.413018,0.003363,-0.004130
4.180000,0.612301,-0.423957,0.006123,-0.004240
4.190000,0.494391,-0.434217,0.004944,-0.004342
4.200000,0.633910,-0.443784,0.006339,-0.004438
4.210000,0.366035,-0.452640,0.003660,-0.004526
4.220000,0.516756,-0.460772,0.005168,-0.004608
4.230000,0.605025,-0.468167,0.006050,-0.004682
4.240000,0.501092,-0.474812,0.005011,-0.004748
4.250000,0.281459,-0.480699,0.002815,-0.004807
4.260000,0.292118,-0.485816,0.002921,-0.004858
4.270000,0.502756,-0.490156,0.005028,-0.004902
4.280000,0.288672,-0.493712,0.002887,-0.004937
4.290000,0.815063,-0.496478,0.008151,-0.004965
4.300000,0.693954,-0.498450,0.006940,-0.004985
4.310000,0.582364,-0.499624,0.005824,-0.004996
4.320000,0.443805,-0.500000,0.004438,-0.005000
4.330000,0.340574,-0.499575,0.003406,-0.004996
4.340000,0.620879,-0.498351,0.006209,-0.004984
4.350000,0.827250,-0.496330,0.008273,-0.004963
4.360000,0.439024,-0.493514,0.004390,-0.004935
4.370000,0.436821,-0.489910,0.004368,-0.004899
4.380000,0.649763,-0.485521,0.006498,-0.004855
4.390000,0.566394,-0.480356,0.005664,-0.004804
4.400000,0.757513,-0.474422,0.007575,-0.004744
4.410000,0.296001,-0.467730,0.002960,-0.004677
4.420000,0.365404,-0.460289,0.003654,-0.004603
4.430000,0.680456,-0.452111,0.006805,-0.004521
4.440000,0.364683,-0.443211,0.003647,-0.004432
4.450000,0.600931,-0.433601,0.006009,-0.004336
4.460000,0.428641,-0.423298,0.004286,-0.004233
4.470000,0.795066,-0.412317,0.007951,-0.004123
4.480000,0.471232,-0.400677,0.004712,-0.004007
4.490000,0.552846,-0.388396,0.005528,-0.003884
4.500000,0.374966,-0.375494,0.003750,-0.003755
4.510000,0.627961,-0.361990,0.006280,-0.003620
4.520000,0.631738,-0.347908,0.006317,-0.003479
4.530000,0.463302,-0.333269,0.004633,-0.003333
4.540000,0.190278,-0.318097,0.001903,-0.003181
4.550000,0.751293,-0.302416,0.007513,-0.003024
4.560000,0.616253,-0.286252,0.006163,-0.002863
4.570000,0.379371,-0.269629,0.003794,-0.002696
4.580000,0.264578,-0.252575,0.002646,-0.002526
4.590000,0.809584,-0.235117,0.008096,-0.002351
4.600000,0.623519,-0.217283,0.006235,-0.002173
4.610000,0.449710,-0.199101,0.004497,-0.001991
4.620000,0.729025,-0.180601,0.007290,-0.001806
4.630000,0.426399,-0.161811,0.004264,-0.001618
4.640000,0.684345,-0.142763,0.006843,-0.001428
4.650000,0.120651,-0.123487,0.001207,-0.001235
4.660000,0.569557,-0.104013,0.005696,-0.001040
4.670000,0.575451,-0.084372,0.005755,-0.000844
4.680000,0.111911,-0.064597,0.001119,-0.000646
4.690000,0.333733,-0.044718,0.003337,-0.000447
4.700000,0.534871,-0.024768,0.005349,-0.000248
4.710000,0.559757,-0.004778,0.005598,-0.000048
4.720000,0.608014,0.015220,0.006080,0.000152
4.730000,0.766443,0.035193,0.007664,0.000352
4.740000,0.347805,0.055110,0.003478,0.000551
4.750000,0.424573,0.074939,0.004246,0.000749
4.760000,0.446705,0.094647,0.004467,0.000946
4.770000,0.824968,0.114205,0.008250,0.001142
4.780000,0.650728,0.133580,0.006507,0.001336
4.790000,0.282589,0.152741,0.002826,0.001527
4.800000,0.421947,0.171657,0.004219,0.001717
4.810000,0.397227,0.190300,0.003972,0.001903
4.820000,0.383142,0.208637,0.003831,0.002086
4.830000,0.525974,0.226641,0.005260,0.002266
4.840000,0.599735,0.244282,0.005997,0.002443
4.850000,0.208958,0.261533,0.002090,0.002615
4.860000,0.442162,0.278365,0.004422,0.002784
4.870000,0.198277,0.294752,0.001983,0.002948
4.880000,0.504719,0.310667,0.005047,0.003107
4.890000,0.651384,0.326085,0.006514,0.003261
4.900000,0.562260,0.340982,0.005623,0.003410
4.910000,0.704472,0.355333,0.007045,0.003553
4.920000,0.798224,0.369115,0.007982,0.003691
4.930000,0.756121,0.382308,0.007561,0.003823
4.940000,0.297117,0.394888,0.002971,0.003949
4.950000,0.532266,0.406837,0.005323,0.004068
4.960000,0.526231,0.418135,0.005262,0.004181
4.970000,0.276926,0.428764,0.002769,0.004288
4.980000,0.440431,0.438707,0.004404,0.004387
4.990000,0.667599,0.447948,0.006676,0.004479
5.000000,0.604924,0.456473,0.006049,0.004565
5.010000,0.448989,0.464267,0.004490,0.004643
5.020000,0.869572,0.471319,0.008696,0.004713
5.030000,0.402274,0.477616,0.004023,0.004776
5.040000,0.022217,0.483150,0.000222,0.004831
5.050000,0.345711,0.487910,0.003457,0.004879
5.060000,0.804840,0.491890,0.008048,0.004919
5.070000,-0.068103,0.495083,-0.000681,0.004951
5.080000,0.338770,0.497484,0.003388,0.004975
5.090000,0.836129,0.499090,0.008361,0.004991
5.100000,0.372208,0.499896,0.003722,0.004999
5.110000,0.185138,0.499903,0.001851,0.004999
5.120000,0.666502,0.499111,0.006665,0.004991
5.130000,0.778415,0.497520,0.007784,0.004975
5.140000,0.097838,0.495133,0.000978,0.004951
5.150000,0.482729,0.491953,0.004827,0.004920
5.160000,0.437292,0.487987,0.004373,0.004880
5.170000,0.299268,0.483240,0.002993,0.004832
5.180000,0.274690,0.477720,0.002747,0.004777
5.190000,0.387556,0.471436,0.003876,0.004714
5.200000,0.218341,0.464398,0.002183,0.004644
5.210000,0.540424,0.456616,0.005404,0.004566
5.220000,0.989883,0.448104,0.009899,0.004481
5.230000,0.562399,0.438876,0.005624,0.004389
5.240000,0.414688,0.428945,0.004147,0.004289
5.250000,0.572062,0.418328,0.005721,0.004183
5.260000,1.022004,0.407042,0.010220,0.004070
5.270000,0.673337,0.395104,0.006733,0.003951
5.280000,0.678625,0.382535,0.006786,0.003825
5.290000,0.592624,0.369353,0.005926,0.003694
5.300000,0.738399,0.355581,0.007384,0.003556
5.310000,0.335978,0.341239,0.003360,0.003412
5.320000,0.742472,0.326352,0.007425,0.003264
5.330000,0.074912,0.310943,0.000749,0.003109
5.340000,0.799902,0.295036,0.007999,0.002950
5.350000,0.801417,0.278658,0.008014,0.002787
5.360000,0.478471,0.261833,0.004785,0.002618
5.370000,0.436679,0.244590,0.004367,0.002446
5.380000,0.443345,0.226955,0.004433,0.002270
5.390000,0.255532,0.208957,0.002555,0.002090
5.400000,0.340238,0.190625,0.003402,0.001906
5.410000,0.773934,0.171988,0.007739,0.001720
5.420000,0.467881,0.153076,0.004679,0.001531
5.430000,0.337746,0.133919,0.003377,0.001339
5.440000,0.636738,0.114548,0.006367,0.001145
5.450000,0.126572,0.094993,0.001266,0.000950
5.460000,0.358518,0.075287,0.003585,0.000753
5.470000,0.510250,0.055460,0.005103,0.000555
5.480000,0.524730,0.035544,0.005247,0.000355
5.490000,0.305279,0.015572,0.003053,0.000156
5.500000,0.736678,-0.004426,0.007367,-0.000044
5.510000,0.533693,-0.024416,0.005337,-0.000244
5.520000,0.400719,-0.044367,0.004007,-0.000444
5.530000,0.343906,-0.064248,0.003439,-0.000642
5.540000,0.370596,-0.084025,0.003706,-0.000840
5.550000,0.528999,-0.103668,0.005290,-0.001037
5.560000,0.493845,-0.123145,0.004938,-0.001231
5.570000,0.512701,-0.142426,0.005127,-0.001424
5.580000,0.229728,-0.161478,0.002297,-0.001615
5.590000,0.437962,-0.180272,0.004380,-0.001803
5.600000,0.652605,-0.198778,0.006526,-0.001988
5.610000,0.728985,-0.216966,0.007290,-0.002170
5.620000,0.315622,-0.234806,0.003156,-0.002348
5.630000,0.601981,-0.252271,0.006020,-0.002523
5.640000,0.604790,-0.269332,0.006048,-0.002693
5.650000,0.299573,-0.285963,0.002996,-0.002860
5.660000,-0.069369,-0.302136,-0.000694,-0.003021
5.670000,0.801333,-0.317825,0.008013,-0.003178
5.680000,0.476158,-0.333007,0.004762,-0.003330
5.690000,0.323461,-0.347655,0.003235,-0.003477
5.700000,0.664077,-0.361747,0.006641,-0.003617
5.710000,0.565247,-0.375261,0.005652,-0.003753
5.720000,0.529898,-0.388174,0.005299,-0.003882
5.730000,0.308816,-0.400466,0.003088,-0.004005
5.740000,0.524374,-0.412118,0.005244,-0.004121
5.750000,0.698666,-0.423110,0.006987,-0.004231
5.760000,0.646976,-0.433426,0.006470,-0.004334
5.770000,0.495640,-0.443048,0.004956,-0.004430
5.780000,0.819455,-0.451961,0.008195,-0.004520
5.790000,0.561671,-0.460151,0.005617,-0.004602
5.800000,0.417647,-0.467605,0.004176,-0.004676
5.810000,0.274416,-0.474311,0.002744,-0.004743
5.820000,0.440625,-0.480258,0.004406,-0.004803
5.830000,0.592865,-0.485437,0.005929,-0.004854
5.840000,0.599721,-0.489839,0.005997,-0.004898
5.850000,0.662419,-0.493458,0.006624,-0.004935
5.860000,0.321426,-0.496287,0.003214,-0.004963
5.870000,0.511498,-0.498322,0.005115,-0.004983
5.880000,0.360890,-0.499560,0.003609,-0.004996
5.890000,0.704262,-0.499999,0.007043,-0.005000
5.900000,0.643223,-0.499638,0.006432,-0.004996
5.910000,0.752878,-0.498478,0.007529,-0.004985
5.920000,0.469139,-0.496520,0.004691,-0.004965
5.930000,0.261819,-0.493768,0.002618,-0.004938
5.940000,0.437761,-0.490226,0.004378,-0.004902
5.950000,0.268972,-0.485899,0.002690,-0.004859
5.960000,0.262071,-0.480796,0.002621,-0.004808
5.970000,0.228169,-0.474923,0.002282,-0.004749
5.980000,0.721065,-0.468290,0.007211,-0.004683
5.990000,0.221902,-0.460908,0.002219,-0.004609
6.000000,0.164732,-0.452789,0.001647,-0.004528
6.010000,0.487963,-0.443946,0.004880,-0.004439
6.020000,0.330965,-0.434392,0.003310,-0.004344
6.030000,0.338563,-0.424143,0.003386,-0.004241
6.040000,0.731755,-0.413216,0.007318,-0.004132
6.050000,0.532444,-0.401628,0.005324,-0.004016
6.060000,0.680583,-0.389397,0.006806,-0.003894
6.070000,0.525879,-0.376543,0.005259,-0.003765
6.080000,0.775221,-0.363087,0.007752,-0.003631
6.090000,0.359925,-0.349050,0.003599,-0.003491
6.100000,0.633541,-0.334455,0.006335,-0.003345
6.110000,0.751042,-0.319324,0.007510,-0.003193
6.120000,0.463787,-0.303683,0.004638,-0.003037
6.130000,0.574734,-0.287556,0.005747,-0.002876
6.140000,0.616995,-0.270969,0.006170,-0.002710
6.150000,0.363079,-0.253948,0.003631,-0.002539
6.160000,0.481413,-0.236521,0.004814,-0.002365
6.170000,0.430218,-0.218716,0.004302,-0.002187
6.180000,0.579995,-0.200561,0.005800,-0.002006
6.190000,0.246805,-0.182085,0.002468,-0.001821
6.200000,0.798574,-0.163318,0.007986,-0.001633
6.210000,0.553335,-0.144289,0.005533,-0.001443
6.220000,0.629507,-0.125030,0.006295,-0.001250
6.230000,0.570364,-0.105570,0.005704,-0.001056
6.240000,0.499981,-0.085942,0.005000,-0.000859
6.250000,0.541444,-0.066176,0.005414,-0.000662
6.260000,0.666381,-0.046304,0.006664,-0.000463
6.270000,0.717887,-0.026358,0.007179,-0.000264
6.280000,0.392401,-0.006370,0.003924,-0.000064
